23609
20411
18482
18482
18470
18112
17691
17127
17083
17037
16957
16873
16871
16871
16871
16871
16871
16871
16871
16871
16871
16871
16871
16871
16871
16863
16863
16850
16834
16824
16823
16821
16821
16818
16817
16813
16810
16801
16783
16776
16474
16121
16110
15870
15834
15766
15705
15480
15250
15168
15004
14926
14890
14866
14758
14665
14483
14409
14037
14025
14025
14020
14012
13967
13920
13889
13867
13829
13827
13823
13791
13764
13763
13751
13751
13751
13751
13701
13685
13677
13670
13623
13623
13623
13596
13596
13591
13541
13489
13484
13468
13445
13420
13418
13350
13340
13338
13299
13275
13267
13232
13208
13137
13077
13051
13051
12963
12909
12575
12572
12521
12492
12491
12490
12490
12483
12482
12479
12479
12477
12380
12354
12354
12354
12354
12346
12344
12306
12273
12261
12260
12256
12244
12244
12237
12195
12112
12112
12079
12074
12064
12064
12064
12064
12064
12002
12002
12002
12002
11982
11982
11982
11965
11960
11960
11955
11880
11848
11848
11848
11748
11684
11684
11684
11684
11684
11684
11684
11684
11684
11684
11684
11684
11684
11684
11684
11684
11684
11684
11655
11590
11590
11590
11590
11590
11590
11590
11590
11590
11590
11590
11590
11590
11590
11568
11553
11553
11448
11417
11417
11378
11341
11281
11266
11236
11235
11204
11182
11176
11083
11028
10830
10830
10787
10753
10737
10683
10562
10473
10467
10467
10467
10408
10408
10406
10406
10241
10160
9959
9942
9942
9942
9910
9859
9859
9859
9859
9829
9731
9731
9729
9729
9720
9716
9712
9673
9673
9673
9673
9673
9666
9666
9631
9627
9622
9594
9550
9504
9482
9476
9476
9472
9352
9327
9288
9181
9168
9168
9129
9126
9114
9094
8970
8958
8814
8814
8814
8767
8688
8666
8650
8649
8640
8622
8621
8619
8618
8617
8616
8613
8613
8610
8609
8607
8607
8607
8606
8602
8601
8601
8600
8600
8599
8598
8598
8597
8597
8597
8596
8595
8595
8595
8594
8594
8594
8594
8594
8593
8593
8592
8592
8592
8592
8592
8592
8591
8591
8591
8591
8591
8590
8590
8590
8590
8589
8588
8588
8588
8587
8587
8587
8587
8586
8586
8586
8585
8585
8585
8585
8585
8585
8585
8584
8584
8583
8583
8583
8583
8583
8582
8582
8582
8582
8582
8582
8581
8581
8581
8580
8580
8580
8580
8580
8579
8579
8579
8579
8579
8579
8578
8578
8578
8578
8578
8578
8577
8577
8577
8577
8577
8577
8577
8577
8577
8577
8577
8577
8577
8577
8577
8577
8577
8577
8577
8577
8577
8577
8577
8577
8577
8577
8577
8577
8577
8577
8577
8577
8577
8577
8577
8577
8577
8577
8577
8577
8577
8577
8577
8577
8577
8577
8577
8577
8577
8577
8577
8577
8577
8577
8577
8577
8577
8577
8577
8577
8577
8577
8577
8577
8577
8577
8577
8577
8577
8577
8577
8577
8577
8577
8577
8577
8577
8577
8577
8577
8577
8577
8577
8577
8577
8577
8577
8577
8577
8577
8577
8577
8577
8577
8577
8577
8577
8577
8577
8577
8577
8577
8577
8577
8577
8577
8577
8577
8577
8577
8577
8577
8577
8577
8577
8577
8577
8577
8577
8577
8577
8577
8577
8577
8577
8577
8577
8577
8577
8576
8576
8576
8576
8576
8576
8576
8576
8576
8576
8576
8576
8576
8576
8576
8576
8576
8576
8576
8576
8576
8576
8576
8576
8576
8576
8576
8576
8576
8576
8576
8576
8576
8576
8576
8576
8576
8576
8576
8576
8576
8576
8576
8576
8576
8576
8576
8576
8576
8576
8576
8576
8576
8576
8575
8575
8575
8575
8575
8575
8575
8575
8575
8575
8575
8575
8575
8575
8575
8575
8575
8575
8575
8575
8575
8575
8575
8575
8575
8575
8575
8575
8575
8575
8575
8575
8575
8575
8575
8575
8575
8575
8575
8575
8575
8575
8575
8575
8575
8575
8575
8575
8575
8575
8575
8575
8575
8574
8574
8574
8574
8574
8574
8574
8574
8574
8574
8574
8574
8574
8574
8574
8574
8574
8574
8574
8574
8574
8574
8574
8574
8574
8574
8574
8574
8574
8574
8574
8574
8574
8574
8574
8574
8574
8574
8574
8574
8574
8574
8574
8574
8574
8574
8574
8574
8574
8574
8574
8574
8574
8574
8574
8574
8573
8573
8573
8573
8573
8573
8573
8573
8573
8573
8573
8573
8573
8573
8573
8573
8573
8573
8573
8573
8573
8573
8573
8573
8573
8573
8573
8573
8573
8573
8573
8573
8573
8573
8573
8573
8573
8573
8573
8573
8573
8573
8573
8573
8573
8573
8573
8573
8573
8573
8573
8573
8573
8573
8573
8573
8573
8573
8573
8573
8573
8573
8573
8573
8573
8573
8573
8573
8573
8573
8573
8572
8572
8572
8572
8572
8572
8572
8572
8572
8572
8572
8572
8572
8572
8572
8572
8572
8572
8572
8572
8572
8572
8572
8572
8572
8572
8572
8572
8572
8572
8572
8572
8572
8572
8572
8572
8572
8572
8572
8572
8572
8572
8572
8572
8572
8572
8572
8572
8572
8572
8572
8572
8572
8572
8572
8572
8572
8572
8572
8572
8572
8571
8571
8571
8571
8571
8571
8571
8571
8571
8571
8571
8571
8571
8571
8571
8571
8571
8571
8571
8571
8571
8571
8571
8571
8571
8571
8571
8571
8571
8571
8571
8571
8571
8571
8571
8571
8571
8571
8571
8571
8571
8571
8571
8571
8571
8571
8571
8571
8571
8571
8571
8571
8571
8571
8571
8571
8571
8571
8571
8571
8571
8571
8570
8570
8570
8570
8570
8570
8570
8570
8570
8570
8570
8570
8570
8570
8570
8570
8570
8570
8570
8570
8570
8570
8570
8570
8570
8570
8570
8570
8570
8570
8570
8570
8570
8570
8570
8570
8570
8570
8570
8570
8570
8570
8570
8570
8570
8570
8570
8570
8570
8570
8570
8570
8570
8570
8570
8570
8570
8570
8570
8570
8570
8570
8570
8570
8570
8570
8570
8570
8570
8570
8570
8570
8570
8570
8570
8570
8570
8570
8570
8570
8570
8570
8570
8570
8570
8570
8570
8570
8570
8569
8569
8569
8569
8569
8569
8569
8569
8569
8569
8569
8569
8569
8569
8569
8569
8569
8569
8569
8569
8569
8569
8569
8569
8569
8569
8569
8569
8569
8569
8569
8569
8569
8569
8569
8569
8569
8569
8569
8569
8569
8569
8569
8569
8569
8569
8569
8569
8569
8569
8569
8569
8569
8569
8569
8569
8569
8569
8569
8569
8569
8569
8569
8569
8569
8569
8569
8569
8569
8569
8569
8569
8569
8569
8569
8569
8569
8569
8569
8569
8569
8569
8569
8569
8569
8569
8569
8569
8569
8569
8569
8569
8569
8569
8569
8569
8569
8569
8569
8568
8568
8568
8568
8568
8568
8568
8568
8568
8568
8568
8568
8568
8568
8568
8568
8568
8568
8568
8568
8568
8568
8568
8568
8568
8568
8568
8568
8568
8568
8568
8568
8568
8568
8568
8568
8568
8568
8568
8568
8568
8568
8568
8568
8568
8568
8568
8568
8568
8568
8568
8568
8568
8568
8568
8568
8568
8568
8568
8568
8568
8568
8568
8568
8568
8568
8568
8568
8568
8568
8568
8568
8568
8568
8568
8568
8568
8568
8568
8568
8568
8568
8568
8568
8568
8568
8568
8568
8568
8568
8568
8568
8568
8568
8568
8568
8568
8568
8568
8568
8568
8568
8567
8567
8567
8567
8567
8567
8567
8567
8567
8567
8567
8567
8567
8567
8567
8567
8567
8567
8567
8567
8567
8567
8567
8567
8567
8567
8567
8567
8567
8567
8567
8567
8567
8567
8567
8567
8567
8567
8567
8567
8567
8567
8567
8567
8567
8567
8567
8567
8567
8567
8567
8567
8567
8567
8567
8567
8567
8567
8567
8567
8567
8567
8567
8567
8567
8567
8567
8567
8567
8567
8567
8567
8567
8567
8567
8567
8567
8567
8567
8567
8567
8567
8567
8567
8567
8567
8567
8567
8567
8567
8567
8567
8567
8567
8567
8567
8567
8567
8567
8567
8567
8567
8567
8567
8567
8567
8567
8566
8566
8566
8566
8566
8566
8566
8566
8566
8566
8566
8566
8566
8566
8566
8566
8566
8566
8566
8566
8566
8566
8566
8566
8566
8566
8566
8566
8566
8566
8566
8566
8566
8566
8566
8566
8566
8566
8566
8566
8566
8566
8566
8566
8566
8566
8566
8566
8566
8566
8566
8566
8566
8566
8566
8566
8566
8566
8566
8566
8566
8566
8566
8566
8566
8566
8566
8566
8566
8566
8566
8566
8566
8566
8566
8566
8566
8566
8566
8566
8566
8566
8566
8566
8566
8566
8566
8566
8566
8566
8566
8566
8566
8566
8566
8566
8566
8566
8566
8566
8566
8566
8566
8566
8566
8566
8566
8566
8566
8566
8566
8566
8566
8566
8566
8566
8566
8566
8566
8566
8566
8566
8566
8566
8566
8566
8566
8566
8566
8566
8566
8566
8566
8566
8566
8566
8566
8566
8566
8565
8565
8565
8565
8565
8565
8565
8565
8565
8565
8565
8565
8565
8565
8565
8565
8565
8565
8565
8565
8565
8565
8565
8565
8565
8565
8565
8565
8565
8565
8565
8565
8565
8565
8565
8565
8565
8565
8565
8565
8565
8565
8565
8565
8565
8565
8565
8565
8565
8565
8565
8565
8565
8565
8565
8565
8565
8565
8565
8565
8565
8565
8565
8565
8565
8565
8565
8565
8565
8565
8565
8565
8565
8565
8565
8565
8565
8565
8565
8565
8565
8565
8565
8565
8565
8565
8565
8565
8565
8565
8565
8565
8565
8565
8565
8565
8565
8565
8565
8565
8565
8565
8565
8565
8565
8565
8565
8565
8565
8565
8565
8565
8565
8565
8565
8565
8565
8565
8565
8565
8565
8564
8564
8564
8564
8564
8564
8564
8564
8564
8564
8564
8564
8564
8564
8564
8564
8564
8564
8564
8564
8564
8564
8564
8564
8564
8564
8564
8564
8564
8564
8564
8564
8564
8564
8564
8564
8564
8564
8564
8564
8564
8564
8564
8564
8564
8564
8564
8564
8564
8564
8564
8564
8564
8564
8564
8564
8564
8564
8564
8564
8564
8564
8564
8564
8564
8564
8564
8564
8564
8564
8564
8564
8564
8564
8564
8564
8564
8564
8564
8564
8564
8564
8564
8564
8564
8564
8564
8564
8564
8564
8564
8564
8564
8564
8564
8564
8564
8564
8564
8564
8564
8564
8564
8564
8564
8564
8564
8564
8564
8564
8564
8564
8564
8564
8564
8564
8564
8564
8564
8564
8564
8564
8564
8564
8564
8564
8563
8563
8563
8563
8563
8563
8563
8563
8563
8563
8563
8563
8563
8563
8563
8563
8563
8563
8563
8563
8563
8563
8563
8563
8563
8563
8563
8563
8563
8563
8563
8563
8563
8563
8563
8563
8563
8563
8563
8563
8563
8563
8563
8563
8563
8563
8563
8563
8563
8563
8563
8563
8563
8563
8563
8563
8563
8563
8563
8563
8563
8563
8563
8563
8563
8563
8563
8563
8563
8563
8563
8563
8563
8563
8563
8563
8563
8563
8563
8563
8563
8563
8563
8563
8563
8563
8563
8563
8563
8563
8563
8563
8563
8563
8563
8563
8563
8563
8563
8563
8563
8563
8563
8563
8563
8563
8563
8563
8563
8563
8563
8563
8563
8563
8563
8563
8563
8563
8563
8563
8563
8563
8563
8563
8563
8563
8563
8563
8563
8563
8563
8563
8563
8563
8563
8563
8563
8563
8563
8563
8563
8563
8563
8563
8563
8563
8563
8563
8563
8563
8563
8563
8563
8563
8563
8563
8563
8563
8563
8563
8563
8563
8563
8563
8563
8563
8563
8563
8563
8563
8563
8562
8562
8562
8562
8562
8562
8562
8562
8562
8562
8562
8562
8562
8562
8562
8562
8562
8562
8562
8562
8562
8562
8562
8562
8562
8562
8562
8562
8562
8562
8562
8562
8562
8562
8562
8562
8562
8562
8562
8562
8562
8562
8562
8562
8562
8562
8562
8562
8562
8562
8562
8562
8562
8562
8562
8562
8562
8562
8562
8562
8562
8562
8562
8562
8562
8562
8562
8562
8562
8562
8562
8562
8562
8562
8562
8562
8562
8562
8562
8562
8562
8562
8562
8562
8562
8562
8562
8562
8562
8562
8562
8562
8562
8562
8562
8562
8562
8562
8562
8562
8562
8562
8562
8562
8562
8562
8562
8562
8562
8562
8562
8562
8562
8562
8562
8562
8562
8562
8562
8562
8562
8562
8562
8562
8562
8562
8562
8562
8562
8562
8562
8562
8562
8562
8562
8562
8562
8562
8562
8562
8562
8562
8562
8562
8562
8562
8562
8562
8562
8562
8562
8562
8562
8562
8562
8562
8562
8562
8562
8562
8562
8562
8562
8562
8562
8562
8562
8562
8562
8562
8561
8561
8561
8561
8561
8561
8561
8561
8561
8561
8561
8561
8561
8561
8561
8561
8561
8561
8561
8561
8561
8561
8561
8561
8561
8561
8561
8561
8561
8561
8561
8561
8561
8561
8561
8561
8561
8561
8561
8561
8561
8561
8561
8561
8561
8561
8561
8561
8561
8561
8561
8561
8561
8561
8561
8561
8561
8561
8561
8561
8561
8561
8561
8561
8561
8561
8561
8561
8561
8561
8561
8561
8561
8561
8561
8561
8561
8561
8561
8561
8561
8561
8561
8561
8561
8561
8561
8561
8561
8561
8561
8561
8561
8561
8561
8561
8561
8561
8561
8561
8561
8561
8561
8561
8561
8561
8561
8561
8561
8561
8561
8561
8561
8561
8561
8561
8561
8561
8561
8561
8561
8561
8561
8561
8561
8561
8561
8561
8561
8561
8561
8561
8561
8561
8561
8561
8561
8561
8561
8561
8561
8561
8561
8561
8561
8561
8560
8560
8560
8560
8560
8560
8560
8560
8560
8560
8560
8560
8560
8560
8560
8560
8560
8560
8560
8560
8560
8560
8560
8560
8560
8560
8560
8560
8560
8560
8560
8560
8560
8560
8560
8560
8560
8560
8560
8560
8560
8560
8560
8560
8560
8560
8560
8560
8560
8560
8560
8560
8560
8560
8560
8560
8560
8560
8560
8560
8560
8560
8560
8560
8560
8560
8560
8560
8560
8560
8560
8560
8560
8560
8560
8560
8560
8560
8560
8560
8560
8560
8560
8560
8560
8560
8560
8560
8560
8560
8560
8560
8560
8560
8560
8560
8560
8560
8560
8560
8560
8560
8560
8560
8560
8560
8560
8560
8560
8560
8560
8560
8560
8560
8560
8560
8560
8560
8560
8560
8560
8560
8560
8560
8560
8560
8559
8559
8559
8559
8559
8559
8559
8559
8559
8559
8559
8559
8559
8559
8559
8559
8559
8559
8559
8559
8559
8559
8559
8559
8559
8559
8559
8559
8559
8559
8559
8559
8559
8559
8559
8559
8559
8559
8559
8559
8559
8559
8559
8559
8559
8559
8559
8559
8559
8559
8559
8559
8559
8559
8559
8559
8559
8559
8559
8559
8559
8559
8559
8559
8559
8559
8559
8559
8559
8559
8559
8559
8559
8559
8559
8559
8559
8559
8559
8559
8559
8559
8559
8559
8559
8559
8559
8559
8559
8559
8559
8559
8559
8559
8559
8559
8559
8559
8559
8559
8559
8559
8559
8559
8559
8559
8559
8559
8558
8558
8558
8558
8558
8558
8558
8558
8558
8558
8558
8558
8558
8558
8558
8558
8558
8558
8558
8558
8558
8558
8558
8558
8558
8558
8558
8558
8558
8558
8558
8558
8558
8558
8558
8558
8558
8558
8558
8558
8558
8558
8558
8558
8558
8558
8558
8558
8558
8558
8558
8558
8558
8558
8558
8558
8558
8558
8558
8558
8558
8558
8558
8558
8558
8558
8558
8558
8558
8558
8558
8558
8558
8558
8558
8558
8558
8558
8558
8558
8558
8558
8558
8558
8558
8558
8558
8558
8558
8558
8558
8558
8558
8558
8558
8558
8558
8558
8558
8558
8558
8558
8558
8558
8558
8558
8558
8558
8558
8558
8558
8558
8558
8558
8558
8558
8558
8557
8557
8556
8556
8552
8552
8547
8545
8508
8508
8480
8461
8461
8459
8458
8454
8422
8422
8422
8401
8398
8396
8391
8343
8312
8310
8303
8295
8280
8280
8279
8277
8236
8218
8180
8179
8178
8178
8166
8104
8104
8098
8097
8097
8096
8089
8078
8076
8030
8020
7955
7952
7951
7947
7945
7942
7941
7940
7936
7928
7918
7904
7896
7867
7842
7810
7810
7810
7792
7780
7775
7774
7774
7774
7770
7755
7730
7728
7728
7726
7726
7726
7713
7713
7703
7698
7697
7692
7690
7689
7689
7685
7684
7682
7679
7677
7669
7667
7666
7666
7650
7650
7650
7640
7629
7629
7624
7621
7621
7616
7590
7588
7570
7570
7553
7553
7534
7534
7497
7493
7486
7472
7457
7439
7372
7372
7368
7352
7336
7336
7331
7329
7328
7322
7297
7296
7282
7274
7248
7234
7204
7197
7197
7190
7190
7190
7190
7190
7185
7184
7184
7173
7159
7159
7155
7154
7151
7151
7140
7129
7129
7129
7122
7121
7119
7116
7115
7114
7114
7113
7112
7082
7082
7076
7067
7066
7063
7063
7058
7046
7035
7007
6995
6995
6993
6993
6993
6976
6976
6959
6953
6953
6953
6947
6945
6943
6929
6929
6929
6929
6929
6911
6911
6911
6911
6911
6906
6906
6906
6906
6906
6893
6790
6764
6751
6748
6702
6702
6702
6702
6678
6671
6669
6631
6624
6623
6619
6619
6608
6608
6608
6608
6608
6608
6608
6608
6608
6608
6540
6533
6533
6515
6415
6402
6384
6374
6374
6369
6291
6291
6291
6291
6290
6288
6288
6288
6272
6270
6252
6217
6217
6205
6183
6178
6176
6164
6162
6160
6159
6155
6148
6148
6148
6148
6136
6129
6128
6126
6097
6096
6096
6094
6091
6086
6070
6070
6070
6070
6070
6065
6065
6065
6065
6065
6065
6065
6065
6065
6064
6064
6064
6063
6062
6062
6062
6062
6062
6061
6061
6061
6060
6060
6060
6060
6059
6059
6059
6058
6058
6058
6057
6057
6057
6056
6056
6056
6056
6056
6056
6056
6056
6056
6055
6055
6055
6055
6054
6054
6054
6054
6054
6054
6054
6054
6054
6053
6053
6053
6053
6053
6053
6053
6053
6053
6052
6052
6052
6052
6052
6052
6052
6052
6052
6052
6051
6051
6051
6051
6051
6051
6050
6050
6050
6049
6049
6049
6049
6049
6049
6049
6049
6049
6049
6048
6048
6048
6048
6048
6048
6048
6048
6048
6048
6048
6048
6048
6048
6047
6047
6047
6047
6047
6047
6047
6047
6047
6047
6047
6047
6047
6046
6046
6046
6046
6046
6046
6046
6046
6046
6046
6046
6046
6046
6046
6045
6045
6045
6045
6045
6045
6045
6045
6045
6045
6045
6045
6044
6044
6044
6044
6044
6044
6044
6044
6044
6044
6044
6044
6044
6044
6043
6043
6043
6043
6043
6043
6043
6043
6043
6043
6043
6043
6043
6043
6043
6043
6043
6043
6043
6043
6043
6042
6042
6042
6042
6042
6042
6042
6042
6042
6042
6042
6042
6042
6042
6042
6042
6041
6041
6041
6041
6041
6041
6041
6041
6041
6041
6041
6041
6041
6041
6040
6040
6040
6040
6040
6040
6040
6040
6040
6040
6040
6040
6040
6040
6040
6040
6040
6040
6040
6039
6039
6039
6039
6039
6039
6039
6039
6039
6039
6039
6039
6039
6039
6039
6039
6039
6039
6039
6039
6039
6039
6038
6038
6038
6038
6038
6038
6038
6038
6038
6038
6038
6038
6038
6038
6038
6038
6038
6038
6037
6037
6037
6037
6037
6037
6037
6037
6037
6037
6037
6037
6037
6037
6037
6037
6037
6037
6037
6037
6037
6037
6037
6037
6037
6037
6036
6036
6036
6036
6036
6036
6036
6036
6036
6036
6036
6036
6036
6036
6036
6036
6035
6035
6035
6035
6035
6035
6035
6035
6035
6035
6035
6035
6035
6035
6035
6035
6035
6035
6035
6035
6035
6035
6035
6035
6035
6035
6035
6035
6035
6035
6035
6035
6034
6034
6034
6034
6034
6034
6034
6034
6034
6034
6034
6034
6034
6034
6034
6034
6034
6034
6034
6034
6034
6034
6034
6034
6034
6034
6034
6034
6034
6034
6034
6034
6034
6034
6034
6034
6034
6034
6034
6034
6034
6034
6033
6033
6033
6033
6033
6033
6033
6033
6033
6033
6033
6033
6033
6033
6033
6033
6033
6033
6033
6033
6033
6033
6033
6033
6033
6033
6033
6032
6032
6032
6032
6032
6032
6032
6032
6032
6032
6032
6032
6032
6032
6032
6032
6032
6032
6032
6031
6031
6031
6031
6031
6031
6031
6031
6031
6031
6031
6031
6031
6031
6031
6031
6031
6031
6031
6031
6031
6031
6031
6031
6031
6031
6031
6031
6031
6031
6031
6030
6030
6030
6030
6030
6030
6030
6030
6030
6030
6030
6030
6030
6030
6030
6030
6030
6030
6030
6030
6030
6030
6030
6030
6030
6030
6030
6030
6030
6030
6029
6029
6029
6029
6029
6029
6029
6029
6029
6029
6029
6029
6029
6029
6029
6029
6029
6029
6029
6029
6029
6029
6029
6028
6028
6028
6028
6028
6028
6028
6028
6028
6028
6028
6028
6028
6028
6028
6028
6028
6028
6028
6028
6028
6028
6028
6028
6028
6028
6028
6028
6028
6028
6028
6027
6027
6027
6027
6027
6027
6027
6027
6027
6027
6027
6027
6027
6027
6027
6027
6027
6027
6027
6027
6027
6027
6027
6027
6027
6027
6027
6026
6026
6026
6026
6026
6026
6026
6026
6026
6026
6026
6026
6026
6026
6026
6026
6026
6026
6026
6026
6026
6026
6025
6025
6025
6025
6025
6025
6025
6025
6025
6025
6025
6025
6025
6025
6025
6025
6025
6025
6025
6025
6025
6025
6025
6025
6025
6025
6025
6024
6024
6024
6024
6024
6024
6024
6024
6024
6024
6024
6024
6024
6024
6024
6024
6024
6024
6024
6024
6024
6024
6024
6024
6024
6024
6024
6023
6023
6023
6023
6023
6023
6023
6023
6023
6023
6023
6023
6023
6023
6023
6023
6023
6023
6023
6023
6023
6023
6023
6023
6022
6022
6022
6022
6022
6022
6022
6022
6022
6022
6022
6022
6022
6022
6022
6022
6022
6022
6022
6022
6022
6022
6022
6022
6022
6022
6022
6022
6021
6021
6021
6021
6021
6021
6021
6021
6021
6021
6021
6021
6021
6021
6021
6021
6021
6021
6021
6021
6021
6021
6021
6020
6020
6020
6020
6020
6020
6020
6020
6020
6020
6020
6020
6020
6020
6020
6020
6020
6020
6020
6020
6020
6020
6020
6020
6020
6020
6020
6019
6019
6019
6019
6019
6019
6019
6019
6019
6019
6019
6019
6019
6019
6019
6019
6019
6019
6019
6019
6019
6019
6019
6019
6019
6019
6018
6018
6018
6018
6018
6018
6018
6018
6018
6018
6018
6018
6018
6018
6018
6018
6018
6018
6018
6018
6017
6017
6017
6017
6017
6017
6017
6017
6017
6017
6017
6017
6017
6017
6017
6017
6017
6017
6017
6017
6017
6017
6017
6017
6017
6016
6016
6016
6016
6016
6016
6016
6016
6016
6016
6016
6016
6016
6016
6016
6016
6016
6015
6015
6015
6015
6015
6015
6015
6015
6015
6015
6015
6015
6014
6014
6014
6014
6014
6014
6014
6014
6014
6014
6013
6013
6013
6013
6013
6013
6013
6013
6013
6013
6013
6013
6013
6012
6012
6012
6012
6012
6012
6011
6011
6011
6011
6011
6011
6011
6010
6010
6010
6010
6010
6010
6009
6009
6007
6007
6007
6005
5987
5972
5956
5935
5926
5926
5926
5920
5918
5914
5914
5914
5901
5900
5896
5895
5886
5885
5878
5878
5878
5878
5878
5873
5873
5853
5853
5850
5814
5810
5788
5788
5784
5784
5784
5777
5768
5756
5755
5751
5751
5751
5751
5751
5751
5736
5724
5713
5697
5691
5677
5677
5671
5669
5648
5637
5626
5600
5591
5591
5591
5585
5561
5521
5518
5515
5515
5506
5491
5489
5483
5483
5483
5483
5483
5483
5483
5483
5477
5477
5471
5458
5452
5440
5435
5435
5424
5424
5422
5383
5344
5336
5330
5330
5330
5327
5316
5316
5316
5316
5316
5316
5316
5316
5316
5316
5314
5312
5300
5295
5264
5240
5224
5217
5217
5217
5217
5217
5217
5217
5217
5217
5217
5217
5217
5217
5217
5217
5217
5217
5217
5217
5217
5217
5217
5217
5217
5217
5217
5217
5217
5217
5217
5217
5217
5217
5217
5217
5217
5217
5217
5217
5217
5217
5217
5217
5217
5217
5217
5217
5217
5217
5217
5217
5217
5217
5217
5217
5217
5217
5217
5217
5217
5217
5217
5217
5217
5217
5217
5217
5217
5217
5217
5217
5217
5217
5217
5217
5217
5217
5217
5217
5217
5217
5217
5217
5217
5217
5217
5217
5217
5217
5211
5196
5196
5192
5188
5186
5177
5177
5174
5172
5168
5165
5164
5162
5155
5148
5144
5139
5126
5124
5121
5121
5121
5116
5114
5114
5114
5097
5091
5091
5091
5091
5085
5078
5077
5077
5068
5060
5056
5051
5038
5038
5021
5021
5021
5020
5010
5005
5005
5005
5004
5003
5000
4988
4988
4988
4988
4988
4987
4987
4984
4976
4972
4965
4959
4959
4959
4957
4944
4944
4944
4944
4944
4940
4940
4940
4940
4940
4940
4940
4940
4940
4940
4940
4940
4940
4940
4940
4940
4940
4940
4940
4940
4938
4937
4937
4937
4937
4937
4935
4924
4921
4921
4917
4914
4913
4912
4911
4910
4910
4910
4909
4908
4908
4908
4908
4908
4908
4908
4907
4906
4906
4905
4904
4903
4903
4901
4901
4901
4901
4901
4901
4900
4898
4897
4897
4897
4897
4894
4894
4894
4893
4893
4893
4892
4892
4891
4891
4891
4891
4890
4890
4890
4890
4889
4888
4888
4888
4888
4887
4887
4887
4887
4887
4887
4887
4887
4886
4886
4886
4886
4885
4885
4885
4885
4884
4884
4883
4883
4883
4882
4882
4882
4881
4881
4880
4879
4879
4879
4879
4878
4878
4878
4877
4877
4876
4875
4875
4875
4874
4873
4873
4873
4870
4870
4869
4864
4854
4846
4822
4818
4818
4818
4817
4812
4808
4778
4769
4767
4758
4749
4737
4734
4734
4723
4702
4682
4673
4673
4658
4621
4611
4611
4599
4592
4590
4574
4537
4537
4533
4533
4531
4531
4531
4528
4528
4520
4517
4501
4498
4495
4495
4495
4495
4495
4490
4483
4482
4482
4475
4474
4461
4459
4456
4445
4445
4439
4438
4438
4437
4434
4434
4434
4434
4423
4423
4419
4417
4417
4415
4413
4409
4409
4402
4390
4383
4383
4373
4371
4371
4362
4361
4361
4361
4361
4357
4356
4353
4352
4341
4341
4337
4336
4320
4318
4314
4314
4310
4306
4306
4302
4302
4302
4300
4300
4298
4287
4285
4280
4279
4278
4278
4272
4272
4272
4272
4272
4272
4272
4267
4267
4267
4266
4265
4265
4261
4255
4252
4246
4239
4238
4221
4221
4221
4221
4221
4221
4219
4217
4196
4196
4196
4196
4196
4190
4182
4175
4168
4164
4164
4164
4163
4158
4158
4156
4154
4153
4153
4153
4153
4153
4153
4153
4148
4146
4142
4138
4130
4122
4120
4108
4093
4084
4084
4078
4077
4076
4074
4070
4070
4069
4069
4066
4065
4064
4064
4059
4059
4059
4059
4059
4059
4059
4059
4058
4057
4055
4055
4054
4054
4051
4048
4045
4044
4028
4022
4022
4019
4018
4018
4018
4017
4017
4017
4017
4017
4017
4017
4013
4012
4012
4010
4010
4004
3994
3993
3992
3992
3990
3988
3986
3974
3974
3972
3969
3967
3960
3958
3957
3957
3951
3951
3950
3946
3944
3943
3943
3942
3940
3940
3938
3937
3937
3937
3933
3931
3925
3925
3921
3920
3919
3915
3915
3915
3915
3915
3915
3913
3911
3911
3911
3910
3910
3910
3909
3909
3909
3909
3906
3906
3905
3905
3905
3905
3905
3905
3905
3905
3905
3905
3904
3903
3900
3899
3896
3890
3888
3888
3885
3885
3885
3885
3881
3881
3877
3871
3871
3871
3870
3870
3865
3862
3862
3861
3861
3859
3858
3858
3856
3855
3855
3855
3855
3855
3854
3854
3854
3853
3850
3849
3844
3838
3838
3838
3838
3838
3838
3838
3838
3838
3838
3838
3838
3834
3834
3834
3834
3834
3834
3828
3828
3826
3821
3820
3818
3814
3807
3800
3799
3799
3799
3799
3798
3797
3797
3796
3796
3796
3795
3794
3794
3794
3793
3792
3792
3792
3792
3790
3790
3789
3789
3786
3786
3784
3784
3782
3782
3782
3779
3776
3775
3775
3773
3773
3772
3772
3772
3772
3772
3772
3771
3769
3768
3768
3767
3767
3766
3765
3765
3764
3763
3763
3761
3760
3760
3758
3756
3756
3755
3754
3754
3751
3750
3749
3749
3749
3748
3746
3744
3742
3741
3741
3740
3739
3738
3738
3736
3727
3727
3727
3727
3726
3726
3726
3722
3720
3718
3718
3716
3716
3716
3716
3716
3713
3709
3706
3692
3691
3690
3685
3682
3677
3673
3670
3670
3669
3661
3660
3656
3653
3652
3651
3650
3648
3645
3645
3645
3645
3645
3645
3644
3640
3640
3633
3633
3633
3632
3630
3629
3627
3620
3619
3619
3615
3614
3614
3610
3610
3608
3607
3605
3603
3602
3600
3599
3598
3598
3598
3598
3598
3598
3598
3598
3598
3598
3598
3598
3598
3598
3596
3596
3596
3596
3596
3594
3590
3589
3589
3589
3589
3589
3589
3589
3589
3589
3589
3589
3589
3589
3582
3578
3578
3578
3577
3577
3572
3572
3571
3568
3568
3568
3567
3565
3559
3555
3555
3552
3551
3550
3544
3542
3541
3539
3539
3537
3537
3537
3537
3536
3536
3536
3536
3535
3535
3535
3535
3535
3535
3533
3533
3532
3532
3527
3526
3524
3522
3521
3521
3521
3520
3520
3520
3519
3518
3517
3516
3515
3515
3515
3515
3515
3515
3515
3514
3511
3509
3502
3501
3495
3495
3495
3495
3495
3493
3491
3491
3491
3491
3491
3491
3491
3491
3491
3491
3491
3491
3483
3483
3483
3478
3477
3477
3474
3474
3474
3470
3470
3470
3468
3468
3468
3468
3468
3468
3468
3468
3468
3468
3468
3467
3467
3462
3458
3457
3457
3457
3457
3455
3454
3454
3454
3454
3454
3454
3454
3454
3451
3449
3449
3449
3448
3445
3445
3445
3445
3445
3445
3445
3442
3442
3441
3441
3440
3440
3437
3435
3435
3433
3433
3429
3429
3429
3429
3425
3423
3422
3420
3417
3413
3412
3410
3409
3409
3409
3409
3409
3408
3408
3395
3394
3394
3394
3391
3386
3386
3381
3381
3375
3375
3373
3373
3372
3370
3368
3368
3368
3368
3368
3368
3366
3365
3362
3353
3351
3351
3347
3345
3340
3340
3337
3337
3337
3335
3335
3335
3334
3334
3334
3334
3334
3334
3334
3334
3334
3334
3334
3334
3334
3333
3333
3332
3331
3329
3326
3325
3314
3314
3314
3314
3314
3314
3314
3314
3314
3314
3310
3310
3309
3308
3306
3306
3306
3306
3305
3305
3305
3305
3304
3303
3302
3302
3301
3300
3299
3298
3298
3298
3298
3298
3298
3298
3297
3297
3296
3296
3292
3292
3292
3291
3291
3290
3288
3288
3284
3283
3282
3282
3281
3280
3280
3280
3280
3280
3279
3279
3279
3279
3278
3276
3276
3275
3275
3275
3275
3275
3275
3275
3274
3273
3272
3271
3271
3270
3269
3269
3268
3268
3267
3267
3267
3267
3267
3266
3265
3265
3264
3263
3263
3263
3262
3261
3259
3256
3255
3255
3253
3253
3253
3250
3250
3247
3247
3243
3243
3240
3240
3235
3235
3234
3229
3229
3229
3229
3229
3224
3224
3222
3222
3220
3218
3218
3218
3218
3211
3207
3203
3202
3202
3202
3202
3201
3201
3197
3196
3195
3194
3189
3189
3187
3184
3184
3184
3183
3171
3169
3159
3156
3156
3155
3155
3155
3149
3145
3145
3144
3143
3142
3139
3139
3139
3139
3139
3139
3139
3139
3139
3139
3139
3139
3139
3139
3137
3137
3136
3131
3127
3126
3124
3120
3118
3117
3116
3116
3113
3112
3112
3107
3103
3103
3103
3102
3101
3099
3096
3096
3093
3093
3093
3091
3091
3091
3091
3091
3090
3086
3085
3085
3080
3080
3076
3074
3074
3071
3066
3065
3064
3063
3057
3055
3053
3051
3050
3046
3043
3043
3043
3043
3040
3036
3033
3033
3033
3033
3033
3031
3030
3030
3030
3030
3030
3030
3030
3030
3030
3030
3030
3030
3030
3030
3027
3027
3024
3022
3021
3021
3020
3018
3015
3015
3015
3015
3015
3015
3015
3015
3012
3012
3011
3011
3011
3011
3011
3011
3011
3011
3011
3011
3011
3011
3011
3011
3011
3011
3011
3011
3011
3011
3011
3011
3011
3011
3011
3011
3011
3011
3011
3011
3011
3011
3011
3011
3011
3011
3011
3011
3011
3011
3011
3011
3011
3011
3011
3011
3011
3011
3011
3011
3011
3011
3011
3011
3011
3011
3011
3011
3011
3011
3011
3011
3011
3011
3011
3011
3011
3011
3011
3011
3011
3011
3011
3010
3010
3010
3010
3009
3009
3009
3008
3007
3007
3007
3007
3007
3007
3007
3007
3007
3007
3007
3006
3006
3006
3006
3006
3006
3005
3005
3004
3004
3003
3003
3003
3001
3000
3000
3000
2999
2998
2998
2998
2997
2997
2997
2996
2996
2996
2996
2996
2996
2996
2996
2996
2996
2996
2996
2996
2996
2996
2996
2996
2996
2996
2996
2996
2995
2995
2994
2993
2993
2993
2993
2993
2992
2991
2991
2991
2991
2991
2991
2991
2991
2990
2988
2987
2987
2987
2987
2987
2986
2986
2986
2986
2985
2985
2984
2984
2983
2983
2980
2980
2979
2979
2977
2977
2977
2977
2975
2975
2974
2973
2973
2972
2971
2971
2970
2969
2967
2967
2967
2966
2966
2965
2965
2965
2965
2963
2963
2963
2963
2961
2961
2961
2960
2959
2959
2957
2957
2957
2957
2957
2957
2957
2957
2957
2957
2957
2957
2957
2956
2955
2955
2955
2953
2953
2951
2950
2950
2950
2950
2950
2949
2949
2945
2945
2944
2944
2944
2944
2944
2944
2944
2944
2944
2944
2944
2944
2944
2944
2944
2944
2944
2944
2944
2944
2944
2944
2942
2942
2940
2939
2939
2938
2938
2937
2937
2936
2936
2935
2934
2933
2933
2933
2931
2929
2929
2928
2928
2928
2928
2928
2927
2927
2927
2927
2927
2927
2927
2927
2923
2923
2922
2922
2921
2921
2921
2921
2921
2921
2920
2920
2919
2919
2917
2917
2917
2917
2917
2917
2917
2917
2917
2917
2916
2916
2915
2915
2915
2914
2914
2914
2914
2914
2912
2911
2911
2911
2911
2911
2911
2911
2911
2911
2911
2911
2911
2910
2910
2909
2909
2909
2909
2908
2908
2908
2908
2908
2908
2908
2908
2908
2907
2907
2906
2906
2906
2906
2906
2906
2906
2905
2905
2905
2905
2905
2905
2905
2905
2905
2905
2905
2905
2905
2904
2904
2904
2904
2903
2903
2903
2902
2902
2902
2902
2902
2901
2901
2901
2901
2901
2901
2901
2901
2901
2900
2900
2900
2900
2900
2899
2899
2899
2899
2898
2898
2898
2898
2897
2897
2897
2897
2897
2897
2897
2897
2897
2897
2897
2897
2896
2895
2895
2895
2893
2893
2892
2892
2892
2892
2890
2890
2890
2890
2890
2890
2890
2888
2888
2888
2887
2887
2886
2885
2885
2885
2885
2884
2884
2883
2882
2882
2881
2881
2881
2880
2879
2879
2879
2878
2878
2878
2873
2872
2871
2870
2869
2868
2864
2864
2863
2863
2863
2862
2862
2860
2860
2860
2857
2854
2853
2851
2851
2851
2851
2851
2851
2847
2846
2846
2846
2843
2842
2841
2841
2837
2836
2836
2836
2836
2832
2829
2827
2825
2821
2820
2820
2816
2815
2809
2808
2808
2808
2805
2805
2803
2803
2801
2798
2798
2796
2793
2790
2789
2788
2787
2787
2787
2787
2786
2783
2782
2781
2781
2781
2781
2780
2779
2779
2778
2775
2775
2773
2772
2764
2760
2756
2756
2754
2751
2750
2750
2750
2745
2744
2742
2740
2737
2737
2736
2736
2736
2735
2732
2732
2730
2729
2729
2728
2726
2726
2726
2726
2726
2726
2724
2722
2718
2714
2713
2712
2709
2709
2702
2702
2702
2702
2702
2702
2700
2699
2699
2699
2695
2695
2694
2691
2689
2687
2685
2685
2684
2682
2682
2682
2682
2681
2678
2675
2675
2675
2671
2671
2669
2669
2667
2667
2666
2662
2658
2654
2651
2648
2648
2648
2648
2648
2646
2645
2644
2644
2643
2638
2638
2638
2638
2638
2638
2638
2638
2638
2635
2634
2634
2628
2626
2622
2622
2622
2622
2622
2620
2618
2617
2616
2610
2603
2603
2603
2603
2603
2603
2603
2603
2603
2603
2603
2602
2600
2599
2596
2596
2596
2596
2596
2596
2596
2596
2596
2596
2596
2596
2596
2596
2596
2596
2596
2596
2596
2595
2592
2587
2587
2587
2585
2581
2581
2581
2581
2580
2576
2574
2573
2567
2567
2564
2562
2560
2560
2557
2557
2553
2553
2551
2549
2549
2544
2544
2544
2544
2544
2544
2539
2538
2536
2534
2533
2532
2532
2532
2531
2530
2529
2528
2527
2526
2524
2524
2524
2523
2522
2520
2520
2517
2516
2514
2512
2511
2511
2511
2511
2511
2506
2506
2502
2499
2493
2491
2491
2491
2491
2491
2491
2491
2491
2491
2491
2491
2491
2491
2491
2491
2491
2491
2491
2491
2491
2491
2491
2491
2491
2491
2491
2491
2491
2491
2491
2491
2491
2491
2491
2491
2491
2491
2491
2491
2491
2491
2491
2491
2491
2491
2491
2491
2491
2491
2491
2491
2491
2491
2491
2491
2491
2491
2491
2491
2491
2491
2491
2491
2491
2491
2486
2486
2486
2486
2485
2485
2483
2483
2482
2481
2479
2478
2478
2476
2476
2476
2469
2467
2466
2466
2465
2465
2464
2464
2464
2464
2463
2463
2462
2462
2462
2459
2457
2456
2456
2455
2455
2453
2452
2452
2452
2452
2452
2451
2446
2445
2445
2444
2444
2442
2441
2440
2439
2435
2434
2432
2432
2432
2432
2432
2432
2432
2432
2432
2432
2432
2432
2432
2432
2432
2432
2432
2432
2432
2432
2432
2432
2432
2432
2432
2432
2432
2430
2429
2428
2426
2424
2419
2412
2412
2411
2406
2405
2405
2405
2405
2405
2405
2405
2405
2403
2401
2400
2400
2395
2393
2391
2389
2387
2383
2378
2378
2378
2377
2377
2377
2376
2373
2372
2371
2370
2367
2367
2367
2367
2366
2366
2365
2364
2363
2363
2361
2360
2359
2358
2356
2355
2355
2352
2350
2345
2344
2344
2339
2337
2336
2333
2332
2332
2332
2328
2328
2328
2328
2328
2328
2328
2326
2323
2322
2322
2322
2322
2320
2320
2320
2318
2313
2313
2312
2312
2311
2310
2308
2308
2307
2307
2305
2304
2303
2301
2299
2298
2296
2294
2292
2290
2289
2284
2284
2284
2281
2280
2273
2271
2271
2270
2268
2268
2266
2264
2264
2260
2260
2260
2260
2260
2260
2260
2258
2256
2255
2254
2254
2253
2251
2250
2250
2245
2244
2244
2240
2239
2238
2235
2235
2232
2231
2227
2226
2224
2223
2223
2222
2220
2220
2220
2219
2219
2218
2213
2212
2212
2210
2209
2208
2207
2207
2206
2204
2204
2204
2203
2203
2203
2203
2203
2202
2201
2197
2197
2197
2197
2197
2193
2193
2192
2192
2192
2190
2190
2190
2187
2186
2184
2184
2184
2184
2184
2181
2181
2181
2181
2181
2180
2179
2179
2179
2177
2177
2177
2175
2175
2175
2174
2174
2174
2173
2172
2172
2171
2171
2170
2170
2170
2170
2170
2170
2170
2170
2170
2170
2170
2170
2170
2170
2170
2170
2170
2170
2170
2170
2170
2170
2170
2170
2170
2170
2170
2170
2170
2170
2170
2169
2169
2169
2169
2168
2168
2168
2168
2168
2168
2166
2166
2165
2164
2164
2164
2164
2164
2164
2164
2164
2164
2164
2164
2164
2164
2164
2164
2164
2164
2164
2163
2163
2163
2163
2162
2162
2161
2161
2161
2161
2161
2161
2161
2161
2161
2161
2161
2161
2160
2160
2159
2159
2159
2159
2159
2159
2158
2158
2157
2157
2157
2157
2157
2157
2157
2157
2157
2157
2157
2156
2155
2154
2154
2153
2153
2153
2152
2152
2152
2152
2152
2151
2151
2148
2148
2148
2148
2146
2146
2146
2146
2146
2146
2146
2146
2145
2144
2144
2144
2143
2143
2142
2142
2141
2141
2140
2140
2140
2140
2140
2137
2137
2136
2134
2132
2132
2132
2130
2129
2129
2129
2129
2129
2128
2128
2128
2127
2127
2127
2125
2122
2122
2120
2120
2120
2117
2116
2115
2115
2111
2111
2111
2110
2105
2104
2102
2101
2101
2101
2100
2096
2096
2094
2093
2093
2093
2092
2092
2090
2090
2090
2090
2090
2090
2090
2090
2089
2088
2087
2087
2086
2086
2086
2086
2086
2086
2086
2086
2086
2085
2084
2084
2084
2084
2084
2084
2084
2084
2084
2084
2084
2084
2084
2084
2084
2084
2083
2082
2082
2081
2081
2081
2080
2080
2080
2080
2079
2079
2079
2078
2078
2078
2078
2078
2078
2078
2077
2077
2077
2077
2076
2076
2075
2074
2074
2074
2074
2074
2074
2073
2073
2072
2071
2071
2071
2071
2071
2071
2071
2071
2071
2071
2071
2071
2071
2071
2071
2071
2071
2070
2070
2069
2069
2069
2068
2068
2068
2068
2068
2068
2068
2067
2066
2066
2066
2065
2064
2062
2061
2061
2060
2060
2059
2059
2059
2059
2059
2059
2059
2057
2056
2055
2055
2055
2053
2052
2052
2052
2052
2052
2051
2051
2050
2050
2050
2050
2049
2048
2048
2047
2045
2044
2041
2041
2041
2039
2039
2038
2038
2037
2035
2035
2035
2035
2033
2033
2032
2031
2030
2030
2030
2030
2029
2028
2028
2023
2023
2023
2023
2022
2022
2019
2019
2019
2019
2019
2017
2016
2015
2015
2015
2015
2015
2015
2015
2015
2015
2015
2015
2015
2015
2015
2014
2013
2012
2011
2009
2009
2009
2007
2006
2006
2005
2004
2001
2001
2001
1997
1996
1995
1994
1994
1993
1992
1991
1990
1989
1989
1989
1989
1989
1989
1989
1989
1989
1989
1989
1988
1988
1987
1987
1985
1984
1982
1978
1978
1976
1976
1973
1971
1971
1971
1970
1969
1969
1969
1968
1968
1968
1968
1967
1967
1967
1966
1965
1965
1965
1964
1961
1961
1958
1958
1958
1958
1958
1958
1958
1958
1958
1958
1958
1958
1958
1958
1958
1958
1958
1958
1958
1958
1958
1958
1958
1958
1958
1958
1958
1958
1958
1958
1958
1958
1958
1958
1958
1958
1958
1958
1958
1958
1958
1958
1958
1958
1958
1958
1958
1958
1958
1958
1958
1958
1958
1958
1958
1958
1958
1958
1958
1958
1958
1958
1958
1958
1958
1958
1958
1958
1958
1958
1958
1958
1958
1958
1958
1958
1958
1958
1958
1958
1958
1958
1958
1958
1958
1958
1958
1958
1958
1958
1958
1958
1958
1958
1958
1958
1958
1958
1958
1958
1958
1958
1958
1958
1958
1958
1958
1958
1958
1958
1958
1958
1958
1958
1958
1958
1958
1958
1958
1958
1958
1958
1958
1958
1958
1958
1958
1958
1958
1958
1958
1958
1958
1958
1958
1958
1958
1958
1958
1958
1958
1958
1958
1958
1958
1958
1958
1958
1958
1958
1958
1958
1958
1958
1958
1958
1958
1958
1958
1958
1958
1957
1957
1957
1957
1957
1952
1949
1949
1949
1949
1949
1948
1947
1946
1942
1941
1939
1939
1939
1935
1932
1931
1930
1929
1929
1928
1927
1927
1926
1926
1926
1926
1926
1922
1922
1922
1922
1922
1922
1922
1919
1918
1918
1916
1916
1915
1915
1913
1913
1913
1913
1913
1913
1913
1913
1913
1913
1913
1913
1913
1913
1913
1913
1913
1913
1913
1913
1913
1913
1913
1913
1913
1913
1913
1913
1913
1913
1913
1913
1913
1913
1913
1912
1910
1910
1905
1902
1900
1896
1896
1895
1895
1895
1895
1894
1893
1893
1892
1891
1890
1889
1889
1889
1889
1888
1888
1886
1882
1881
1879
1879
1879
1878
1878
1876
1875
1875
1874
1871
1871
1871
1871
1869
1867
1867
1867
1865
1865
1865
1864
1864
1864
1863
1863
1862
1861
1860
1860
1860
1860
1860
1860
1860
1860
1857
1857
1857
1856
1856
1856
1856
1854
1854
1853
1851
1850
1850
1849
1848
1847
1847
1847
1847
1847
1846
1846
1842
1842
1842
1842
1842
1841
1840
1838
1838
1838
1838
1838
1838
1837
1837
1836
1836
1836
1836
1833
1829
1827
1827
1827
1826
1826
1824
1823
1823
1820
1819
1818
1817
1817
1816
1816
1815
1815
1814
1814
1814
1814
1813
1812
1809
1809
1805
1805
1804
1802
1802
1802
1801
1800
1798
1798
1798
1795
1795
1795
1792
1791
1790
1790
1790
1789
1789
1789
1788
1788
1785
1783
1783
1783
1782
1782
1780
1779
1779
1779
1778
1778
1776
1774
1774
1774
1774
1774
1774
1774
1774
1774
1774
1774
1774
1774
1774
1774
1774
1774
1774
1772
1772
1771
1771
1770
1770
1770
1770
1770
1770
1770
1769
1769
1768
1768
1768
1768
1768
1768
1767
1766
1766
1766
1765
1765
1764
1764
1764
1764
1764
1764
1764
1764
1764
1761
1761
1761
1760
1759
1758
1758
1758
1758
1758
1758
1758
1757
1757
1754
1753
1753
1752
1752
1752
1751
1751
1751
1751
1751
1751
1751
1751
1751
1751
1750
1749
1748
1747
1744
1743
1742
1741
1740
1736
1736
1736
1734
1732
1731
1730
1730
1729
1728
1728
1726
1725
1724
1724
1723
1723
1722
1719
1719
1719
1718
1715
1714
1714
1714
1714
1714
1714
1714
1714
1714
1714
1714
1714
1714
1714
1714
1714
1714
1714
1714
1714
1714
1714
1714
1714
1714
1714
1714
1714
1714
1714
1714
1714
1714
1714
1714
1714
1714
1714
1714
1714
1714
1714
1714
1714
1714
1714
1714
1714
1714
1714
1714
1714
1714
1712
1712
1712
1712
1712
1712
1712
1712
1712
1712
1712
1712
1710
1710
1710
1710
1710
1710
1710
1709
1709
1709
1709
1709
1709
1709
1709
1709
1709
1709
1709
1709
1709
1709
1709
1709
1709
1709
1709
1709
1709
1709
1709
1709
1709
1708
1707
1707
1707
1706
1706
1706
1706
1704
1703
1700
1700
1698
1697
1697
1696
1696
1696
1696
1696
1695
1694
1694
1692
1692
1691
1691
1691
1687
1687
1687
1687
1686
1686
1685
1685
1680
1678
1677
1677
1677
1677
1674
1674
1674
1674
1673
1672
1672
1672
1672
1672
1672
1672
1672
1672
1672
1672
1672
1671
1671
1670
1670
1670
1670
1670
1670
1670
1670
1670
1669
1669
1669
1669
1669
1669
1669
1669
1669
1669
1669
1669
1668
1668
1667
1667
1667
1667
1667
1667
1667
1667
1667
1667
1665
1664
1664
1664
1664
1662
1662
1662
1662
1662
1661
1661
1661
1661
1661
1660
1660
1660
1660
1659
1659
1659
1659
1659
1659
1659
1659
1659
1659
1659
1659
1659
1659
1659
1659
1659
1659
1659
1659
1659
1659
1659
1659
1659
1659
1659
1659
1659
1659
1659
1658
1658
1658
1658
1658
1658
1658
1658
1658
1658
1657
1657
1657
1656
1656
1656
1656
1656
1655
1654
1654
1653
1653
1652
1650
1650
1650
1650
1650
1649
1648
1647
1647
1647
1647
1647
1647
1647
1642
1642
1642
1642
1642
1642
1642
1639
1638
1634
1634
1631
1631
1630
1628
1626
1626
1626
1626
1625
1623
1622
1622
1619
1619
1619
1619
1619
1619
1619
1619
1615
1615
1615
1615
1615
1615
1615
1614
1614
1614
1614
1612
1612
1612
1611
1611
1609
1608
1608
1606
1606
1606
1605
1604
1603
1603
1602
1602
1601
1601
1601
1601
1601
1600
1600
1600
1599
1599
1598
1597
1597
1596
1596
1595
1595
1594
1594
1594
1594
1594
1593
1593
1593
1593
1592
1592
1592
1592
1590
1590
1590
1590
1590
1590
1590
1590
1590
1590
1590
1590
1590
1590
1590
1590
1590
1590
1588
1587
1587
1587
1587
1587
1587
1587
1587
1587
1586
1586
1586
1586
1586
1586
1586
1586
1586
1586
1586
1585
1585
1584
1584
1584
1584
1584
1584
1584
1584
1584
1584
1584
1584
1583
1583
1582
1582
1582
1582
1582
1582
1582
1582
1581
1581
1581
1581
1581
1581
1581
1581
1580
1580
1580
1580
1580
1580
1580
1580
1580
1580
1580
1580
1580
1580
1580
1580
1580
1580
1580
1580
1580
1579
1579
1579
1579
1579
1579
1579
1579
1578
1578
1578
1578
1578
1578
1578
1578
1578
1578
1578
1578
1578
1578
1578
1577
1577
1577
1577
1577
1577
1577
1576
1576
1576
1576
1576
1576
1576
1576
1576
1576
1576
1576
1576
1576
1576
1576
1576
1576
1575
1575
1575
1575
1575
1575
1575
1575
1575
1575
1574
1574
1574
1574
1574
1574
1574
1574
1574
1574
1574
1574
1574
1574
1574
1574
1574
1574
1574
1574
1574
1573
1573
1573
1573
1573
1573
1573
1573
1572
1572
1572
1572
1572
1572
1572
1572
1572
1572
1572
1572
1572
1572
1572
1572
1572
1572
1572
1572
1572
1572
1572
1572
1572
1572
1572
1572
1572
1572
1572
1572
1572
1571
1571
1571
1571
1571
1571
1571
1571
1571
1571
1571
1571
1571
1571
1571
1571
1570
1570
1570
1570
1570
1570
1570
1570
1570
1570
1570
1570
1570
1570
1570
1570
1570
1570
1570
1570
1570
1570
1570
1570
1570
1570
1570
1570
1570
1570
1570
1570
1569
1569
1569
1569
1569
1569
1569
1569
1569
1569
1569
1569
1569
1569
1569
1569
1569
1569
1568
1568
1568
1568
1568
1568
1568
1568
1568
1568
1568
1568
1568
1568
1568
1568
1568
1568
1567
1567
1567
1567
1567
1566
1566
1566
1566
1566
1566
1566
1566
1566
1566
1566
1566
1566
1566
1565
1565
1565
1565
1565
1564
1564
1564
1564
1564
1564
1564
1564
1564
1564
1564
1564
1564
1564
1564
1564
1564
1564
1564
1564
1564
1564
1564
1563
1563
1563
1563
1562
1562
1562
1562
1562
1562
1562
1562
1562
1561
1560
1560
1559
1559
1558
1558
1558
1558
1558
1558
1558
1558
1557
1557
1557
1557
1557
1557
1557
1555
1555
1555
1555
1555
1554
1554
1554
1554
1554
1554
1554
1554
1554
1554
1554
1554
1554
1554
1554
1553
1552
1552
1551
1551
1550
1550
1550
1550
1550
1548
1548
1547
1546
1546
1545
1545
1545
1544
1544
1544
1544
1543
1543
1543
1542
1542
1541
1540
1539
1539
1539
1539
1538
1538
1538
1538
1538
1536
1536
1536
1535
1535
1535
1535
1535
1535
1535
1535
1534
1533
1533
1528
1526
1526
1526
1526
1526
1526
1526
1525
1525
1524
1524
1524
1524
1521
1521
1519
1518
1518
1518
1516
1516
1515
1515
1515
1515
1515
1515
1514
1514
1514
1514
1514
1514
1514
1514
1514
1514
1514
1514
1508
1508
1508
1508
1508
1508
1508
1508
1508
1508
1507
1507
1507
1507
1504
1504
1504
1504
1503
1503
1502
1502
1502
1501
1499
1498
1498
1498
1498
1498
1496
1496
1495
1495
1495
1493
1492
1492
1492
1490
1490
1488
1488
1486
1481
1477
1477
1476
1476
1475
1475
1475
1474
1474
1473
1473
1472
1470
1469
1468
1467
1465
1465
1464
1463
1462
1462
1462
1462
1461
1460
1460
1458
1458
1457
1457
1457
1457
1457
1457
1457
1457
1457
1457
1457
1457
1457
1457
1457
1457
1457
1457
1457
1457
1457
1456
1454
1453
1453
1453
1452
1452
1450
1446
1446
1446
1446
1446
1446
1445
1445
1445
1445
1445
1445
1445
1445
1445
1445
1445
1445
1444
1444
1443
1443
1443
1442
1442
1442
1441
1438
1438
1436
1436
1434
1432
1432
1431
1431
1431
1431
1431
1431
1430
1430
1429
1429
1429
1429
1429
1428
1428
1428
1424
1421
1421
1419
1418
1418
1418
1413
1413
1412
1410
1408
1408
1407
1406
1406
1405
1405
1404
1403
1402
1399
1399
1395
1394
1392
1392
1392
1389
1388
1387
1387
1386
1386
1385
1385
1385
1382
1381
1381
1381
1378
1378
1378
1377
1377
1377
1374
1373
1373
1372
1370
1368
1366
1366
1365
1364
1363
1363
1360
1360
1358
1358
1357
1356
1355
1355
1354
1353
1353
1353
1353
1353
1353
1351
1349
1347
1347
1346
1345
1345
1342
1342
1340
1339
1339
1339
1339
1339
1336
1336
1334
1334
1334
1334
1334
1333
1333
1333
1333
1333
1331
1331
1330
1330
1329
1329
1326
1325
1324
1323
1322
1321
1321
1321
1321
1321
1321
1321
1321
1318
1318
1318
1317
1316
1315
1315
1315
1315
1315
1315
1315
1315
1315
1315
1315
1315
1315
1315
1315
1315
1315
1315
1315
1315
1315
1315
1315
1315
1315
1315
1315
1315
1315
1315
1315
1315
1315
1315
1315
1315
1315
1315
1315
1315
1315
1315
1315
1315
1315
1315
1315
1315
1315
1315
1315
1315
1315
1315
1315
1315
1315
1314
1312
1311
1311
1310
1310
1309
1308
1308
1307
1306
1306
1306
1301
1299
1299
1299
1299
1298
1297
1297
1295
1295
1295
1294
1294
1294
1293
1292
1292
1292
1291
1291
1291
1291
1291
1291
1291
1289
1289
1289
1288
1287
1287
1287
1283
1280
1280
1279
1279
1279
1276
1275
1275
1275
1275
1274
1274
1273
1271
1271
1270
1270
1269
1268
1268
1268
1267
1267
1267
1267
1267
1267
1267
1267
1266
1266
1266
1266
1266
1266
1265
1264
1263
1262
1262
1261
1260
1259
1259
1259
1259
1257
1257
1256
1255
1253
1252
1251
1250
1250
1248
1248
1248
1244
1239
1238
1238
1236
1236
1232
1231
1225
1223
1221
1219
1219
1218
1218
1215
1212
1210
1208
1205
1202
1200
1200
1200
1199
1198
1197
1193
1190
1184
1182
1181
1180
1180
1176
1174
1170
1170
1170
1170
1167
1166
1166
1164
1164
1164
1162
1161
1160
1160
1158
1158
1158
1158
1154
1154
1154
1153
1153
1152
1152
1151
1151
1150
1150
1148
1148
1143
1143
1142
1142
1138
1134
1133
1131
1131
1131
1131
1131
1131
1131
1131
1131
1131
1131
1131
1131
1131
1131
1131
1131
1131
1131
1131
1131
1131
1130
1129
1129
1129
1128
1127
1127
1127
1127
1126
1126
1125
1124
1124
1124
1123
1122
1122
1122
1121
1121
1120
1118
1118
1118
1118
1118
1118
1118
1118
1118
1118
1118
1118
1118
1118
1118
1118
1118
1118
1118
1118
1118
1118
1117
1116
1116
1115
1115
1114
1114
1114
1114
1114
1114
1114
1114
1114
1114
1114
1113
1113
1111
1110
1109
1107
1107
1107
1106
1104
1102
1101
1101
1101
1101
1100
1097
1095
1094
1093
1093
1093
1093
1093
1093
1093
1093
1093
1093
1093
1093
1093
1093
1093
1093
1091
1091
1091
1091
1089
1089
1088
1087
1087
1087
1087
1087
1087
1087
1084
1083
1083
1082
1081
1080
1080
1080
1080
1080
1080
1080
1080
1080
1080
1080
1080
1080
1080
1080
1079
1079
1079
1079
1079
1077
1077
1077
1077
1077
1077
1077
1077
1077
1077
1077
1076
1075
1074
1073
1071
1069
1069
1069
1068
1066
1064
1064
1063
1062
1060
1060
1058
1058
1058
1052
1050
1050
1049
1048
1048
1046
1046
1042
1042
1042
1041
1041
1041
1039
1038
1038
1037
1037
1036
1036
1034
1034
1032
1031
1030
1030
1030
1028
1028
1028
1027
1026
1025
1024
1023
1022
1018
1017
1016
1015
1014
1014
1014
1014
1011
1010
1009
1009
1009
1009
1008
1008
1008
1003
1002
1002
1002
1002
1001
1000
999
996
996
995
991
991
991
991
991
991
991
991
991
991
991
991
991
991
990
989
988
988
986
986
986
986
984
983
982
980
978
974
974
970
969
968
968
967
966
962
962
962
960
960
960
960
960
955
955
955
955
952
951
951
951
949
948
948
947
947
946
946
946
944
943
942
942
942
940
939
939
939
938
938
936
936
936
935
930
930
928
928
925
924
924
924
923
918
918
918
918
918
915
915
915
912
911
909
909
908
906
906
906
905
905
904
904
904
903
902
902
902
902
901
901
900
900
900
900
900
900
900
900
900
899
899
899
899
898
897
896
895
894
894
893
893
893
892
892
892
892
892
892
892
891
890
890
890
890
890
890
890
890
890
890
890
890
890
890
890
890
890
890
890
890
890
890
890
890
889
889
889
889
887
887
887
887
886
886
886
886
886
885
885
885
880
878
878
876
876
876
874
874
873
873
872
871
871
871
870
870
870
870
870
870
870
870
870
870
869
869
869
869
869
869
869
868
868
868
868
867
866
866
866
865
863
863
859
857
857
857
856
855
854
853
853
853
852
852
851
850
849
848
847
845
845
845
844
844
844
844
844
844
844
843
842
842
840
839
839
839
839
838
838
838
838
838
838
838
838
838
838
838
838
838
838
838
838
838
838
838
838
838
838
838
838
838
838
838
838
838
838
838
838
838
838
838
838
838
838
838
838
838
838
838
838
838
838
838
838
838
838
838
838
838
838
838
838
838
838
838
838
838
838
838
838
838
838
838
838
838
838
838
838
838
838
838
838
838
838
838
838
838
838
838
838
838
838
838
838
838
838
838
838
838
838
838
838
838
838
838
838
838
838
838
838
838
838
838
838
838
838
838
838
838
838
838
838
838
838
838
838
838
838
838
838
838
838
838
838
838
838
838
838
838
838
838
838
838
838
838
838
838
838
838
838
838
838
838
838
838
838
838
838
838
838
838
838
838
838
838
838
838
838
838
838
838
838
838
838
838
838
838
838
838
838
838
838
838
838
838
838
838
838
838
838
838
838
838
838
838
838
838
838
838
838
838
838
838
838
838
838
838
838
838
838
838
838
838
838
838
838
838
838
838
838
838
838
838
838
838
838
838
838
838
838
838
838
838
838
838
838
838
838
838
838
838
838
838
838
838
838
838
838
838
838
838
838
838
838
838
838
838
838
838
838
838
838
838
838
838
838
838
838
838
838
838
838
838
838
838
838
838
838
838
838
838
838
838
838
838
838
838
838
838
838
838
838
838
838
838
838
838
838
838
838
838
838
838
838
838
838
838
838
838
838
838
838
838
838
838
838
838
838
838
838
838
838
838
838
838
838
838
838
838
838
838
838
838
838
838
838
838
838
838
838
838
838
838
838
838
838
838
838
838
838
838
838
838
838
838
838
838
838
838
838
838
838
838
838
838
838
838
838
838
838
838
838
838
838
838
838
838
838
838
838
838
838
838
838
838
838
838
838
838
838
838
838
838
838
838
838
838
838
838
838
838
838
838
838
838
838
838
838
838
838
838
838
838
838
838
838
838
838
838
838
838
838
838
838
838
838
838
838
838
838
838
838
838
838
838
838
838
838
838
838
838
838
838
838
838
838
838
838
838
838
838
838
838
838
838
838
838
838
838
838
838
838
838
838
838
838
838
838
838
838
838
838
838
838
838
838
838
838
838
838
838
838
838
838
838
838
838
838
838
838
838
838
838
838
838
838
838
838
838
838
838
838
838
838
838
838
838
838
838
838
838
838
838
838
838
838
838
838
838
838
838
838
838
838
838
838
838
838
838
838
838
838
838
838
838
838
838
838
838
838
838
838
838
838
838
838
838
838
838
838
838
838
838
838
838
838
838
838
838
838
838
838
838
838
838
838
838
838
838
838
838
838
838
838
838
838
838
838
838
838
838
838
838
838
838
838
838
838
838
838
838
838
838
838
838
838
838
838
838
838
838
838
838
838
838
838
838
838
838
838
838
838
838
838
838
838
838
838
838
838
838
838
838
838
838
838
838
838
838
838
838
838
838
838
838
838
838
838
838
838
838
838
838
838
838
838
838
838
838
838
838
838
838
838
838
838
838
838
838
838
838
838
838
838
838
838
838
838
838
838
838
838
838
838
838
838
838
838
838
838
838
838
838
838
838
838
838
838
838
838
838
838
838
838
838
838
838
838
838
838
838
838
838
838
838
838
838
838
838
838
838
838
838
838
838
838
838
838
838
838
838
838
838
838
838
838
838
838
838
838
838
838
838
838
838
838
838
838
838
838
838
838
838
838
838
838
838
838
838
838
838
838
838
838
838
838
838
838
838
838
838
838
838
838
838
838
838
838
838
838
838
838
838
838
838
838
838
838
838
838
838
838
838
838
838
838
838
838
838
838
838
838
838
838
838
838
838
838
838
838
838
838
838
838
838
838
838
838
838
838
838
838
838
838
838
838
838
838
838
838
838
838
838
838
838
838
838
838
838
838
838
838
838
838
838
838
838
838
838
838
838
838
838
838
838
838
838
838
838
838
838
838
838
838
838
838
838
838
838
838
838
838
838
838
838
838
838
838
838
838
838
838
838
838
838
838
838
838
838
838
838
838
838
838
838
838
838
838
838
838
838
838
838
838
838
838
838
838
838
838
838
838
838
838
838
838
838
838
838
838
838
838
838
838
838
838
838
838
838
838
838
838
838
838
838
838
838
838
838
838
838
838
838
838
838
838
838
838
838
838
838
838
838
838
838
838
838
838
838
838
838
838
838
838
838
838
838
838
838
838
838
838
838
838
838
838
838
838
838
838
838
838
838
838
838
838
838
838
838
838
838
838
838
838
838
838
838
838
838
838
838
838
838
838
838
838
838
838
838
838
838
838
838
838
838
838
838
838
838
838
838
838
838
838
838
838
838
838
838
838
838
838
838
838
838
838
838
838
838
838
838
838
838
838
838
838
838
838
838
838
838
838
838
838
838
838
838
838
838
838
838
838
838
838
838
838
838
838
838
838
838
838
838
838
838
838
838
838
838
838
838
838
838
838
838
838
838
838
838
838
838
838
838
838
838
838
838
838
838
838
838
838
838
838
838
838
838
838
838
838
838
838
838
838
838
838
838
838
838
838
838
838
838
838
838
838
838
838
838
838
838
838
838
838
838
838
838
838
838
838
838
838
838
838
838
838
838
838
838
838
838
838
838
838
838
838
838
838
838
838
838
838
838
838
838
838
838
838
838
838
838
838
838
838
838
838
838
838
838
838
838
838
838
838
838
838
838
838
838
838
838
838
838
838
838
838
838
838
838
838
838
838
838
838
838
838
838
838
838
838
838
838
838
838
838
838
838
838
838
838
838
838
838
838
838
838
838
838
838
838
838
838
838
838
838
838
838
838
838
838
838
838
838
838
838
838
838
838
838
838
838
838
838
838
838
838
838
838
838
838
838
838
838
838
838
838
838
838
838
838
838
838
838
838
838
838
838
838
838
838
838
838
838
838
838
838
838
838
838
838
838
838
838
838
838
838
838
838
838
838
838
838
838
838
838
838
838
838
838
838
838
838
838
838
838
838
838
838
838
838
838
838
838
838
838
838
838
838
838
838
838
838
838
838
838
838
838
838
838
838
838
838
838
838
838
838
838
838
838
838
838
838
838
838
838
838
838
838
838
838
838
838
838
838
838
838
838
838
838
838
838
838
838
838
838
838
838
838
838
838
838
838
838
838
838
838
838
838
838
838
838
838
838
838
838
838
838
838
838
838
838
838
838
838
838
838
838
838
838
838
838
838
838
838
838
838
838
838
838
838
838
838
838
838
838
838
838
838
838
838
838
837
837
837
836
836
835
835
835
834
834
834
834
834
834
834
834
833
833
832
831
830
830
830
829
828
828
828
828
828
828
828
828
827
827
824
823
820
820
815
815
814
812
811
811
806
804
803
802
802
801
801
800
799
799
798
798
798
798
798
797
796
796
796
796
796
796
796
795
794
793
793
793
793
792
791
791
791
791
789
789
789
789
788
788
788
788
788
788
788
788
788
788
788
788
788
788
788
788
788
788
788
788
788
788
788
788
788
788
788
788
787
787
787
787
787
787
787
787
787
787
786
786
786
786
786
786
786
786
786
786
786
784
784
784
784
784
784
784
784
784
784
782
781
781
781
780
780
780
780
780
779
779
778
778
778
778
777
777
776
776
776
776
776
776
776
776
775
775
775
775
775
775
775
775
775
775
774
774
773
773
773
773
773
773
773
773
773
773
773
773
773
773
773
773
773
773
773
773
773
772
772
772
772
769
769
768
768
767
767
766
766
766
766
765
764
764
764
763
763
763
763
763
763
763
763
763
762
762
762
762
762
762
762
761
761
761
761
761
761
761
761
761
761
761
761
760
760
760
760
760
760
760
760
760
759
759
759
759
759
759
759
759
759
759
759
759
759
759
759
759
759
758
758
758
758
758
758
758
758
758
757
757
757
757
757
757
757
757
757
757
757
757
757
757
757
757
757
757
757
757
757
757
757
757
757
757
757
757
757
757
757
757
757
757
757
757
757
757
757
757
757
757
757
757
757
757
757
757
757
757
757
756
756
756
756
756
756
756
756
756
756
756
756
756
756
756
756
756
756
756
756
755
755
755
755
755
754
754
754
754
754
754
754
754
754
754
754
753
753
753
753
753
753
753
753
753
753
753
753
752
752
752
752
751
751
751
751
750
750
750
750
750
750
750
750
750
750
750
750
749
749
749
749
749
749
749
749
748
748
747
747
747
747
747
747
747
747
747
747
747
747
747
747
747
747
747
747
747
745
745
744
744
744
744
744
744
743
743
743
742
742
742
742
742
742
741
741
741
741
741
740
740
740
740
740
740
740
739
739
739
739
739
739
739
738
738
738
738
738
738
738
738
738
738
738
738
738
738
738
738
738
738
738
738
738
738
738
738
738
738
738
738
738
738
738
738
738
738
738
738
738
738
738
738
738
738
738
738
738
738
738
738
738
738
738
738
738
738
738
738
738
738
738
738
738
738
738
738
738
738
738
738
738
738
738
738
738
738
738
738
738
738
738
738
738
738
738
738
737
737
737
737
737
737
737
737
737
737
737
736
736
735
735
735
735
735
735
734
734
734
734
734
734
734
733
733
733
733
733
733
733
733
733
733
732
731
731
731
731
731
730
730
728
727
727
726
726
726
726
726
726
726
725
724
724
724
722
720
719
719
719
719
719
719
719
719
719
719
719
719
719
719
719
717
717
716
716
716
715
715
715
715
715
714
713
712
712
712
712
712
712
712
712
712
712
712
710
710
710
708
708
708
706
705
703
702
702
700
700
699
698
698
697
696
696
696
696
696
696
696
696
696
696
696
696
696
694
689
688
686
686
684
682
680
680
680
680
679
679
679
679
679
679
679
679
679
679
679
679
679
679
679
679
679
679
679
679
679
679
679
679
679
679
679
679
679
679
679
679
679
679
679
679
679
679
679
679
679
679
679
679
679
679
679
679
679
679
679
679
679
679
679
679
679
679
679
679
679
679
679
679
679
679
679
679
679
679
679
679
679
679
679
679
679
679
679
679
679
679
679
679
679
679
679
679
679
679
676
676
676
675
675
674
674
672
672
672
670
670
670
670
667
667
667
667
667
666
666
666
665
665
664
663
663
663
663
663
662
661
661
661
658
658
656
655
655
654
654
654
654
654
654
654
654
654
654
654
654
654
654
654
654
654
654
654
654
654
654
654
654
654
654
654
654
654
654
654
654
654
654
654
654
654
654
654
654
654
654
654
654
654
654
654
654
654
654
654
654
654
654
654
654
647
646
646
646
645
645
644
643
643
642
642
642
642
642
642
642
641
640
640
640
640
640
638
638
638
638
638
638
637
635
634
634
630
630
630
630
630
630
630
630
630
630
630
629
629
629
629
629
629
629
628
628
628
628
628
627
627
626
626
625
624
624
624
624
623
623
623
623
617
614
614
614
614
614
614
614
614
614
614
614
614
614
614
614
614
614
614
614
614
614
614
614
614
614
614
614
614
614
614
614
614
614
614
614
614
614
614
614
614
614
614
614
614
614
614
614
614
614
614
614
614
614
614
614
614
614
614
614
614
614
614
614
614
614
614
614
614
614
614
614
614
614
614
614
614
614
614
614
614
614
614
614
614
614
614
614
614
614
614
614
614
614
614
614
614
614
614
614
614
614
614
614
614
614
614
614
614
614
614
614
614
614
614
614
614
614
614
614
614
614
614
614
614
614
614
614
614
614
614
614
614
614
614
614
614
614
614
614
614
614
614
614
614
614
614
614
614
614
614
614
614
614
614
614
614
614
614
614
614
614
614
614
614
614
614
614
614
614
614
614
614
614
614
614
614
614
614
614
614
614
614
614
614
614
614
614
614
614
614
614
614
614
614
614
614
614
614
614
614
614
614
614
614
614
614
614
614
614
614
614
614
614
614
614
614
614
614
614
614
614
614
614
614
614
614
614
614
614
614
614
614
614
614
614
614
614
614
614
614
614
614
614
614
614
614
614
614
614
614
614
614
614
614
614
614
614
614
614
614
614
614
614
614
614
614
614
614
614
614
614
614
614
614
614
614
614
614
614
614
614
614
614
614
614
614
614
614
614
614
614
614
614
614
614
614
614
614
614
614
614
614
614
614
614
614
614
614
614
614
614
614
614
614
614
614
614
614
614
614
614
614
614
614
614
614
614
614
614
614
614
614
614
614
614
614
614
614
614
614
614
614
614
614
614
614
614
614
614
614
614
614
614
614
614
614
614
614
614
614
614
614
614
614
614
614
614
614
614
614
614
614
614
614
614
614
614
614
614
614
614
614
614
614
614
614
614
614
614
614
614
614
614
614
614
614
614
614
614
614
614
614
614
614
614
614
614
614
614
614
614
614
614
614
614
614
614
614
614
614
614
614
614
614
614
614
614
614
614
614
614
614
614
614
614
614
614
614
614
614
614
614
614
614
614
614
614
614
614
614
614
614
614
614
614
614
614
614
614
614
614
614
614
614
614
614
614
614
614
614
614
614
614
614
614
614
614
614
614
614
614
614
614
614
614
614
614
614
614
614
614
614
614
614
614
614
614
614
614
614
614
614
614
614
614
614
614
614
614
614
614
614
614
614
614
614
614
614
614
614
614
614
614
614
614
614
614
614
614
614
614
614
614
614
614
614
614
614
614
614
614
614
614
614
614
614
614
614
614
614
614
614
614
614
614
614
614
614
614
614
614
614
614
614
614
614
614
614
614
614
614
614
614
614
614
614
614
614
614
614
614
614
614
614
614
614
614
614
614
614
614
614
614
614
614
614
614
614
614
614
614
614
614
614
614
614
614
614
614
614
614
614
614
614
614
614
614
614
614
614
614
614
614
614
614
614
614
614
614
614
614
614
614
614
614
614
614
614
614
614
614
614
614
614
614
614
614
614
614
614
614
614
614
614
614
614
614
614
614
614
614
614
614
614
614
614
614
614
614
614
614
614
614
614
614
614
614
614
614
614
614
614
614
614
614
614
614
614
614
614
614
614
614
614
614
614
614
614
614
614
614
614
614
614
614
614
614
614
614
614
614
614
614
614
614
614
614
614
614
614
614
614
614
614
614
614
614
614
614
614
614
614
614
614
614
614
614
614
614
614
614
614
614
614
614
614
614
614
614
614
614
614
614
614
614
614
614
614
614
614
614
614
614
614
614
614
614
614
614
614
614
614
614
614
614
614
614
614
614
614
614
614
614
614
614
614
614
614
614
614
614
614
614
614
614
614
614
614
614
614
614
614
614
614
614
614
614
614
614
614
614
614
614
614
614
614
614
614
614
614
614
614
614
614
614
614
614
614
614
614
614
614
614
614
614
614
614
614
614
614
614
614
614
614
614
614
614
614
614
614
614
614
614
614
614
614
614
614
614
614
614
614
614
614
614
614
614
614
614
614
614
614
614
614
614
614
614
614
614
614
614
614
614
614
614
614
614
614
614
614
614
614
614
614
614
614
614
614
614
614
614
614
614
614
614
614
614
614
614
614
614
614
614
614
614
614
614
614
614
614
614
614
614
614
614
614
614
614
614
614
614
614
614
614
614
614
614
614
614
614
614
614
614
614
614
614
614
614
614
614
614
614
614
614
614
614
614
614
614
614
614
614
614
614
614
614
614
614
614
614
614
614
614
614
614
614
614
614
614
614
614
614
614
614
614
614
614
614
614
614
614
614
614
614
614
614
614
614
614
614
614
614
614
614
614
614
614
614
614
614
614
614
614
614
614
614
614
614
614
614
612
612
612
612
612
612
612
612
612
612
612
612
612
611
611
611
611
611
611
611
611
611
611
611
611
611
611
611
611
611
611
611
611
611
611
611
611
611
611
611
611
611
611
611
611
611
611
611
611
611
611
611
611
611
611
611
611
611
611
611
611
611
611
611
611
611
611
611
611
611
611
611
611
611
611
611
611
611
611
611
610
610
610
610
610
610
610
610
610
610
610
610
610
610
610
610
610
609
608
608
608
608
608
606
606
606
606
606
606
606
606
606
606
606
606
606
606
606
606
606
606
606
606
606
606
606
606
606
606
606
606
606
606
606
606
606
606
606
606
606
606
606
606
606
606
606
606
606
606
606
606
606
606
606
606
606
606
606
606
606
606
606
605
605
605
604
604
604
602
602
602
600
600
600
600
600
600
600
600
600
600
600
600
600
600
600
600
600
600
600
600
600
600
600
600
600
600
600
600
600
600
600
600
600
600
600
600
600
599
599
599
599
599
598
598
598
597
594
594
594
594
592
592
590
590
590
590
588
586
586
586
586
586
584
584
584
583
582
582
582
582
580
578
578
576
575
574
574
574
574
573
572
569
568
568
568
568
568
568
568
565
564
564
562
561
560
560
555
554
554
553
553
552
550
547
547
547
546
546
546
545
544
543
543
542
539
539
538
538
537
537
536
536
536
534
534
534
530
529
528
526
523
523
522
522
522
522
522
522
520
519
519
519
518
518
518
516
513
513
512
512
511
510
506
505
505
502
502
500
499
499
499
497
497
497
497
496
496
496
496
496
494
494
494
493
493
493
493
492
491
491
491
490
489
489
487
487
487
486
486
486
484
483
483
483
482
481
480
480
479
477
476
475
475
475
474
474
474
474
473
471
471
470
470
469
469
468
466
466
466
465
464
464
463
463
463
463
462
461
461
460
460
460
460
459
459
458
458
458
457
457
457
456
455
455
454
454
453
453
452
452
452
452
452
452
452
452
452
452
452
452
452
452
452
448
448
447
447
447
447
447
446
446
446
446
446
446
446
446
446
446
446
445
445
444
444
444
444
444
444
444
444
443
443
443
443
442
441
441
441
441
440
440
440
440
439
439
438
438
438
438
438
437
437
436
436
435
435
434
434
434
434
432
432
432
431
431
431
431
431
431
430
430
430
430
430
430
430
430
429
429
429
429
429
428
428
428
428
428
428
428
427
427
427
427
427
427
426
426
426
426
426
426
425
425
425
425
424
424
424
424
423
423
422
422
422
422
422
422
421
421
421
421
421
420
420
420
420
420
419
419
419
419
419
418
418
418
418
418
418
418
418
417
417
417
417
417
417
416
416
416
416
416
416
415
415
415
415
415
415
415
415
415
415
415
415
415
415
415
415
415
415
415
415
414
414
414
414
414
414
414
414
414
414
414
414
414
414
414
414
414
414
414
414
414
414
414
414
414
414
414
414
414
414
414
414
414
414
414
414
414
414
414
414
414
414
414
414
414
414
414
414
414
414
414
414
414
414
414
414
414
414
414
414
414
414
414
414
414
414
414
414
414
414
414
414
414
414
414
414
414
414
414
414
414
414
414
414
414
414
414
414
414
414
414
414
414
414
414
414
414
414
414
414
414
414
414
414
414
414
414
414
414
414
414
414
414
414
414
414
414
414
414
414
414
414
414
414
414
414
414
414
414
414
414
414
414
414
414
414
414
414
414
414
414
414
414
414
414
414
414
414
414
414
414
414
414
414
414
414
414
414
414
414
414
414
414
414
414
414
414
414
414
414
414
414
414
414
414
414
414
414
414
414
414
414
414
414
414
414
414
414
414
414
413
413
413
413
413
413
413
413
413
413
413
413
413
413
413
413
413
413
413
413
413
413
413
413
413
413
413
413
413
413
413
413
413
413
413
413
413
413
413
413
413
413
413
413
413
413
413
413
413
413
413
413
413
413
412
412
412
412
412
412
412
412
412
412
412
412
412
412
412
412
412
412
412
412
412
412
412
412
412
412
412
412
412
412
412
412
412
412
412
411
411
411
411
411
411
411
411
411
411
411
411
411
411
411
411
411
411
411
411
411
411
411
411
411
411
411
411
411
411
411
411
411
411
411
411
411
411
411
411
411
411
411
411
411
411
411
410
410
410
410
410
410
410
410
410
410
410
410
410
410
410
410
410
410
410
410
410
410
410
410
410
410
410
410
410
410
410
410
410
410
410
410
410
410
410
410
410
410
410
410
410
410
410
410
410
410
410
410
410
410
410
410
410
410
410
410
410
410
410
410
410
410
409
409
409
409
409
409
409
409
409
409
409
409
409
409
409
409
409
409
409
409
409
409
409
409
409
409
409
409
409
409
409
409
409
409
409
409
409
409
409
409
409
409
409
409
409
409
409
409
409
409
409
409
409
409
409
409
409
409
409
409
409
409
408
408
408
408
408
408
408
408
408
408
408
408
408
408
408
408
408
408
408
408
408
408
408
408
408
408
408
408
408
408
408
408
408
408
408
408
408
408
408
408
408
408
408
408
408
408
408
408
408
408
408
408
408
408
408
408
408
408
408
408
408
408
408
408
408
408
408
408
408
408
408
408
408
408
408
408
408
408
408
408
408
408
408
408
408
408
408
408
408
408
408
408
408
408
408
408
407
407
407
407
407
407
407
407
407
407
407
407
407
407
407
407
407
407
407
407
407
407
407
407
407
407
407
407
407
407
407
407
407
407
407
407
407
407
407
407
407
407
407
407
407
407
407
407
407
407
407
407
407
407
407
407
407
407
407
407
407
407
407
407
407
407
407
407
407
407
407
407
407
407
407
407
407
407
407
407
407
407
407
407
407
407
407
407
407
407
407
407
407
407
407
407
407
407
407
407
406
406
406
406
406
406
406
406
406
406
406
406
406
406
406
406
406
406
406
406
406
406
406
406
406
406
406
406
406
406
406
406
406
406
406
406
406
406
406
406
406
406
406
406
406
406
406
406
406
406
406
406
406
406
406
406
406
406
406
406
406
406
406
406
406
406
406
406
406
406
406
406
406
406
406
406
406
406
406
406
406
406
406
406
406
406
406
406
406
406
406
406
406
406
406
406
406
406
406
406
406
406
406
406
406
406
406
406
406
406
406
406
406
406
405
405
405
405
405
405
405
405
405
405
405
405
405
405
405
405
405
405
405
405
405
405
405
405
405
405
405
405
405
405
405
405
405
405
405
405
405
405
405
405
405
405
405
405
405
405
405
405
405
405
405
405
405
405
405
405
405
405
405
405
405
405
405
405
405
405
405
405
405
405
405
405
405
405
405
405
405
405
405
405
405
405
405
405
405
405
405
405
405
405
405
405
405
405
405
405
405
405
405
405
405
405
405
405
405
405
405
405
405
405
405
405
405
405
405
405
405
405
405
405
404
404
404
404
404
404
404
404
404
404
404
404
404
404
404
404
404
404
404
404
404
404
404
404
404
404
404
404
404
404
404
404
404
404
404
404
404
404
404
404
404
404
404
404
404
404
404
404
404
404
404
404
404
404
404
404
404
404
404
404
404
404
404
404
404
404
404
404
404
404
404
404
404
404
404
404
404
404
404
404
404
404
404
404
404
404
404
404
404
404
404
404
404
404
404
404
404
404
404
404
404
404
404
404
404
404
404
404
403
403
403
403
403
403
403
403
403
403
403
403
403
403
403
403
403
403
403
403
403
403
403
403
403
403
403
403
403
403
403
403
403
403
403
403
403
403
403
403
403
403
403
403
403
403
403
403
403
403
403
403
403
403
403
403
403
403
403
403
403
403
403
403
403
403
403
403
403
403
403
403
403
403
403
403
403
403
403
403
403
403
403
403
403
403
403
403
403
403
403
403
403
403
403
403
403
403
403
403
403
403
403
403
403
403
403
403
403
403
403
403
403
403
403
403
403
403
403
403
403
403
403
403
403
403
403
403
403
403
403
403
403
403
403
403
403
403
403
403
403
403
403
403
403
403
403
403
403
403
403
403
403
403
403
403
403
403
403
403
403
403
403
403
403
403
403
403
403
403
402
402
402
402
402
402
402
402
402
402
402
402
402
402
402
402
402
402
402
402
402
402
402
402
402
402
402
402
402
402
402
402
402
402
402
402
402
402
402
402
402
402
402
402
402
402
402
402
402
402
402
402
402
402
402
402
402
402
402
402
402
402
402
402
402
402
402
402
402
402
402
402
402
402
402
402
402
402
402
402
402
402
402
402
402
402
402
402
402
402
402
402
402
402
402
402
402
402
402
402
402
402
402
402
402
402
402
402
402
402
402
402
402
402
402
402
402
402
402
402
402
402
402
402
402
402
402
402
402
402
402
402
402
402
402
402
402
402
401
401
401
401
401
401
401
401
401
401
401
401
401
401
401
401
401
401
401
401
401
401
401
401
401
401
401
401
401
401
401
401
401
401
401
401
401
401
401
401
401
401
401
401
401
401
401
401
401
401
401
401
401
401
401
401
401
401
401
401
401
401
401
401
401
401
401
401
401
401
401
401
401
401
401
401
401
401
401
401
401
401
401
401
401
401
401
401
401
401
401
401
401
401
401
401
401
401
401
401
401
401
401
401
401
401
401
401
401
401
401
401
401
401
401
401
401
401
401
401
401
401
401
400
400
400
400
400
400
400
400
400
400
400
400
400
400
400
400
400
400
400
400
400
400
400
400
400
400
400
400
400
400
400
400
400
400
400
400
400
400
400
400
400
400
400
400
400
400
400
400
400
400
400
400
400
400
400
400
400
400
400
400
400
400
400
400
400
400
400
400
400
400
400
400
400
400
400
400
400
400
400
400
400
400
400
400
400
400
400
400
400
400
400
400
400
400
400
400
400
400
400
400
400
400
400
400
400
400
400
400
400
400
400
400
400
400
400
400
400
400
400
400
400
400
400
400
400
400
400
400
400
400
400
400
400
400
400
400
400
400
400
400
400
400
400
400
400
400
400
400
400
400
400
400
400
400
400
400
400
400
400
400
400
400
400
400
400
400
400
400
400
399
399
399
399
399
399
399
399
399
399
399
399
399
399
399
399
399
399
399
399
399
399
399
399
399
399
399
399
399
399
399
399
399
399
399
399
399
399
399
399
399
399
399
399
399
399
399
399
399
399
399
399
399
399
399
399
399
399
399
399
399
399
399
399
399
399
399
399
399
399
399
399
399
399
399
399
399
399
399
399
399
399
399
399
399
399
399
399
399
399
399
399
399
399
399
399
399
399
399
399
399
399
399
399
399
399
399
399
399
399
399
399
399
399
399
399
399
399
399
399
399
399
399
399
399
399
399
399
399
399
399
399
399
399
399
399
399
399
399
399
399
399
399
399
399
399
399
399
399
399
399
399
399
399
399
399
399
399
399
399
399
399
399
399
399
399
399
399
399
399
399
399
399
399
399
398
398
398
398
398
398
398
398
398
398
398
398
398
398
398
398
398
398
398
398
398
398
398
398
398
398
398
398
398
398
398
398
398
398
398
398
398
398
398
398
398
398
398
398
398
398
398
398
398
398
398
398
398
398
398
398
398
398
398
398
398
398
398
398
398
398
398
398
398
398
398
398
398
398
398
398
398
398
398
398
398
398
398
398
398
398
398
398
398
398
398
398
398
398
398
398
398
398
398
398
398
398
398
398
398
398
398
398
398
398
398
398
398
398
398
398
398
398
398
398
398
398
398
398
398
398
398
398
398
398
398
398
398
398
398
398
398
398
398
398
398
398
397
397
397
397
397
397
397
397
397
397
397
397
397
397
397
397
397
397
397
397
397
397
397
397
397
397
397
397
397
397
397
397
397
397
397
397
397
397
397
397
397
397
397
397
397
397
397
397
397
397
397
397
397
397
397
397
397
397
397
397
397
397
397
397
397
397
397
397
397
397
397
397
397
397
397
397
397
397
397
397
397
397
397
397
397
397
397
397
397
397
397
397
397
397
397
397
397
397
397
397
397
397
397
397
397
397
397
397
397
397
397
397
397
397
397
397
397
397
397
397
397
397
397
397
397
397
397
397
397
397
397
397
397
397
397
397
397
397
397
397
397
397
397
397
397
397
397
397
397
397
397
397
397
397
397
397
397
397
397
397
397
397
397
397
397
397
397
397
397
397
397
397
397
397
397
397
397
397
397
397
397
397
397
397
397
397
397
397
397
397
397
396
396
396
396
396
396
396
396
396
396
396
396
396
396
396
396
396
396
396
396
396
396
396
396
396
396
396
396
396
396
396
396
396
396
396
396
396
396
396
396
396
396
396
396
396
396
396
396
396
396
396
396
396
396
396
396
396
396
396
396
396
396
396
396
396
396
396
396
396
396
396
396
396
396
396
396
396
396
396
396
396
396
396
396
396
396
396
396
396
396
396
396
396
396
396
396
396
396
396
396
396
396
396
396
396
396
396
396
396
396
396
396
396
396
396
396
396
396
396
396
396
396
395
395
395
395
395
395
395
395
395
395
395
395
395
395
395
395
395
395
395
395
395
395
395
395
395
395
395
395
395
395
395
395
395
395
395
395
395
395
395
395
395
395
395
395
395
395
395
395
395
395
395
395
395
395
395
395
395
395
395
395
395
395
395
395
395
395
395
395
395
395
395
395
395
395
395
395
395
395
395
395
395
395
395
395
395
395
395
395
395
395
395
395
395
395
395
395
395
395
395
395
395
395
395
395
395
395
395
395
395
395
395
395
395
395
395
395
395
395
395
395
395
395
395
395
395
395
395
395
395
395
395
394
394
394
394
393
393
393
393
392
392
392
392
392
392
392
392
392
392
392
392
392
392
392
392
392
392
392
392
392
392
392
392
392
392
392
392
392
392
392
392
392
392
392
392
392
392
392
392
392
392
392
392
392
392
392
392
392
392
392
392
392
392
392
392
392
392
392
392
392
392
392
392
392
392
392
392
392
392
392
392
392
392
392
392
392
392
392
392
392
392
392
392
392
392
392
392
392
392
392
392
392
392
392
392
392
392
392
392
392
392
392
392
392
392
392
392
392
392
392
392
392
392
392
392
392
392
392
392
392
392
392
392
392
392
392
392
392
392
392
392
392
392
392
392
392
392
392
392
392
392
392
392
392
392
392
392
392
392
392
392
392
392
392
392
392
392
392
392
392
392
392
392
392
392
392
392
392
392
392
392
392
392
392
392
392
392
392
392
392
392
392
392
392
392
392
392
392
392
392
392
392
392
392
392
392
392
392
392
392
392
392
392
392
392
392
392
392
392
392
392
392
392
392
392
392
392
392
392
392
392
392
392
392
392
392
392
392
392
392
392
392
392
392
392
392
392
392
392
392
392
392
392
392
392
392
392
392
392
392
392
392
392
392
392
392
392
392
392
392
392
392
392
392
392
392
392
392
392
392
392
392
392
392
392
392
392
392
392
392
392
392
392
392
392
392
392
392
392
392
392
392
392
392
392
392
392
392
392
392
392
392
392
392
392
392
392
392
392
392
392
392
392
392
392
392
392
392
392
392
392
392
392
392
392
392
392
392
392
392
392
392
392
392
392
392
392
392
392
392
392
392
392
392
392
392
392
392
392
392
392
392
392
392
392
392
392
392
392
392
392
392
392
392
392
392
392
392
392
392
392
392
392
392
392
392
392
392
392
392
392
392
392
392
392
392
392
392
392
392
392
392
392
392
392
392
392
392
392
392
392
392
392
392
392
392
392
392
392
392
392
392
392
392
392
392
392
392
392
392
392
392
392
392
392
392
392
392
392
392
392
392
392
392
392
392
392
392
392
392
392
392
392
392
392
392
392
392
392
392
392
392
392
392
392
392
392
392
392
392
392
392
392
392
392
392
392
392
392
392
392
392
392
392
392
392
392
392
392
392
392
392
392
392
392
392
392
392
392
392
392
392
392
392
392
392
392
392
392
392
392
392
392
392
392
392
392
392
392
392
392
392
392
392
392
392
392
392
392
392
392
392
392
392
392
392
392
392
392
392
392
392
392
392
392
392
392
392
392
392
392
392
392
392
392
392
392
392
392
392
392
392
392
392
392
392
392
392
392
392
392
392
392
392
392
392
392
392
392
392
392
392
392
392
392
392
392
392
392
392
392
392
392
392
392
392
392
392
392
392
392
392
392
392
392
392
392
392
392
392
392
392
392
392
392
392
392
392
392
392
392
392
392
392
392
392
392
392
392
392
392
392
392
392
392
392
392
392
392
392
392
392
392
392
392
392
392
392
392
392
392
392
392
392
392
392
392
392
392
392
392
392
392
392
392
392
392
392
392
392
392
392
392
392
392
392
392
392
392
392
392
392
392
392
392
392
392
392
392
392
392
392
392
392
392
392
392
392
392
392
392
392
392
392
392
392
392
392
392
392
392
392
392
392
392
392
392
392
392
392
392
392
392
392
392
392
392
392
392
392
392
392
392
392
392
392
392
392
392
392
392
392
392
392
392
392
392
392
392
392
392
392
392
392
392
392
392
392
392
392
392
392
392
392
392
392
392
392
392
392
392
392
392
392
392
392
392
392
392
392
392
392
392
392
392
392
392
392
392
392
392
392
392
392
392
392
392
392
392
392
392
392
392
392
392
392
392
392
392
392
392
392
392
392
392
392
392
392
392
392
392
392
392
392
392
392
392
392
392
392
392
392
392
392
392
392
392
392
392
392
392
392
392
392
392
392
392
392
392
392
392
392
392
392
392
392
392
392
392
392
392
392
392
392
392
392
392
392
392
392
392
392
392
392
392
392
392
392
392
392
392
392
392
392
392
392
392
392
392
392
392
392
392
392
392
392
392
392
392
392
392
392
392
392
392
392
392
392
392
392
392
392
392
392
392
392
392
392
392
392
392
392
392
392
392
392
392
392
392
392
392
392
392
392
392
392
392
392
392
392
392
392
392
392
392
392
392
392
392
392
392
392
392
392
392
392
392
392
392
392
392
392
392
392
392
392
392
392
392
392
392
392
392
392
392
392
392
392
392
392
392
392
392
392
392
392
392
392
392
392
392
392
392
392
392
392
392
392
392
392
392
392
392
392
392
392
392
392
392
392
392
392
392
392
392
392
392
392
392
392
392
392
392
392
392
392
392
392
392
392
392
392
392
392
392
392
392
392
392
392
392
392
392
392
392
392
392
392
392
392
392
392
392
392
392
392
392
392
392
392
392
392
392
392
392
392
392
392
392
392
392
392
392
392
392
392
392
392
392
392
392
392
392
392
392
392
392
392
392
392
392
392
392
392
392
392
392
392
392
392
392
392
392
392
392
392
392
392
392
392
392
392
392
392
392
392
392
392
392
392
392
392
392
392
392
392
392
392
392
392
392
392
392
392
392
392
392
392
392
392
392
392
392
392
392
392
392
392
392
392
392
392
392
392
392
392
392
392
392
392
392
392
392
392
392
392
392
392
392
392
392
392
392
392
392
392
392
392
392
392
392
392
392
392
392
392
392
392
392
392
392
392
392
392
392
392
392
392
392
392
392
392
392
392
392
392
392
392
392
392
392
392
392
392
392
392
392
392
392
392
392
392
392
392
392
392
392
392
392
392
392
392
392
392
392
392
392
392
392
392
392
392
392
392
392
392
392
392
392
392
392
392
392
392
392
392
392
392
392
392
392
392
392
392
392
392
392
392
392
392
392
392
392
392
392
392
392
392
392
392
392
392
392
392
392
392
392
392
392
392
392
392
392
392
392
392
392
392
392
392
392
392
392
392
392
392
392
392
392
392
392
392
392
392
392
392
392
392
392
392
392
392
392
392
392
392
392
392
392
392
392
392
392
392
392
392
392
392
392
392
392
392
392
392
392
392
392
392
392
392
392
392
392
392
392
392
392
392
392
392
392
392
392
392
392
392
392
392
392
392
392
392
392
392
392
392
392
392
392
392
392
392
392
392
392
392
392
392
392
392
392
392
392
392
392
392
392
392
392
392
392
392
392
392
392
392
392
392
392
392
392
392
392
392
392
392
392
392
392
392
392
392
392
392
392
392
392
392
392
392
392
392
392
392
392
392
392
392
392
392
392
392
392
392
392
392
392
392
392
392
392
392
392
392
392
392
392
392
392
392
392
392
392
392
392
392
392
392
392
392
392
392
392
392
392
392
392
392
392
392
392
392
392
392
392
392
392
392
392
392
392
392
392
392
392
392
392
392
392
392
392
392
392
392
392
392
392
392
392
392
392
392
392
392
392
392
392
392
392
392
392
392
392
392
392
392
392
392
392
392
392
392
392
392
392
392
392
392
392
392
392
392
392
392
392
392
392
392
392
392
392
392
392
392
392
392
392
392
392
392
392
392
392
392
392
392
392
392
392
392
392
392
392
392
392
392
392
392
392
392
392
392
392
392
392
392
392
392
392
392
392
392
392
392
392
392
392
392
392
392
392
392
392
392
392
392
392
392
392
392
392
392
392
392
392
392
392
392
392
392
392
392
392
392
392
392
392
392
392
392
392
392
392
392
392
392
392
392
392
392
392
392
392
392
392
392
392
392
392
392
392
392
392
392
392
392
392
392
392
392
392
392
392
392
392
392
392
392
392
392
392
392
392
392
392
392
392
392
392
392
392
392
392
392
392
392
392
392
392
392
392
392
392
392
392
392
392
392
392
392
392
392
392
392
392
392
392
392
392
392
392
392
392
392
392
392
392
392
392
392
392
392
392
392
392
392
392
392
392
392
392
392
392
392
392
392
392
392
392
392
392
392
392
392
392
392
392
392
392
392
392
392
392
392
392
392
392
392
392
392
392
392
392
392
392
392
392
392
392
392
392
392
392
392
392
392
392
392
392
392
392
392
392
392
392
392
392
392
392
392
392
392
392
392
392
392
392
392
392
392
392
392
392
392
392
392
392
392
392
392
392
392
392
392
392
392
392
392
392
392
392
392
392
392
392
392
392
392
392
392
392
392
392
392
392
392
392
392
392
392
392
392
392
392
392
392
392
392
392
392
392
392
392
392
392
392
392
392
392
392
392
392
392
392
392
392
392
392
392
392
392
392
392
392
392
392
392
392
392
392
392
392
392
392
392
392
392
392
392
392
392
392
392
392
392
392
392
392
392
392
392
392
392
392
392
392
392
392
392
392
392
392
392
392
392
392
392
392
392
392
392
392
392
392
392
392
392
392
392
392
392
392
392
392
392
392
392
392
392
392
392
392
392
392
392
392
392
392
392
392
392
392
392
392
392
392
392
392
392
392
392
392
392
392
392
392
392
392
392
392
392
392
392
392
392
392
392
392
392
392
392
392
392
392
392
392
392
392
392
392
392
392
392
392
392
392
392
392
392
392
392
392
392
392
392
392
392
392
392
392
392
392
392
392
392
392
392
392
392
392
392
392
392
392
392
392
392
392
392
392
392
392
392
392
392
392
392
392
392
392
392
392
392
392
392
392
392
392
392
392
392
392
392
392
392
392
392
392
392
392
392
392
392
392
392
392
392
392
392
392
392
392
392
392
392
392
392
392
392
392
392
392
392
392
392
392
392
392
392
392
392
392
392
392
392
392
392
392
392
392
392
392
392
392
392
392
392
392
392
392
392
392
392
392
392
392
392
392
392
392
392
392
392
392
392
392
392
392
392
392
392
392
392
392
392
392
392
392
392
392
392
392
392
392
392
392
392
392
392
392
392
392
392
392
392
392
392
392
392
392
392
392
392
392
392
392
392
392
392
392
392
392
392
392
392
392
392
392
392
392
392
392
392
392
392
392
392
392
392
392
392
392
392
392
392
392
392
392
392
392
392
392
392
392
392
392
392
392
392
392
392
392
392
392
392
392
392
392
392
392
392
392
392
392
392
392
392
392
392
392
392
392
392
392
392
392
392
392
392
392
392
392
392
392
392
392
392
392
392
392
392
392
392
392
392
392
392
392
392
392
392
392
392
392
392
392
392
392
392
392
392
392
392
392
392
392
392
392
392
392
392
392
392
392
392
392
392
392
392
392
392
392
392
392
392
392
392
392
392
392
392
392
392
392
392
392
392
392
392
392
392
392
392
392
392
392
392
392
392
392
392
392
392
392
392
392
392
392
392
392
392
392
392
392
392
392
392
392
392
392
392
392
392
392
392
392
392
392
392
392
392
392
392
392
392
392
392
392
392
392
392
392
392
392
392
392
392
392
392
392
392
392
392
392
392
392
392
392
392
392
392
392
392
392
392
392
392
392
392
392
392
392
392
392
392
392
392
392
392
392
392
392
392
392
392
392
392
392
392
392
392
392
392
392
392
392
392
392
392
392
392
392
392
392
392
392
392
392
392
392
392
392
392
392
392
392
392
392
392
392
392
392
392
392
392
392
392
392
392
392
392
392
392
392
392
392
392
392
392
392
392
392
392
392
392
392
392
392
392
392
392
392
392
392
392
392
392
392
392
392
392
392
392
392
392
392
392
392
392
392
392
392
391
391
391
391
391
391
391
391
391
391
391
391
390
390
390
389
389
389
389
389
389
388
388
387
387
385
385
383
383
383
382
380
379
379
379
379
379
378
378
376
376
376
376
376
376
376
376
376
376
376
376
376
376
376
376
376
376
376
376
376
376
376
376
376
376
376
376
376
376
376
376
376
376
376
376
376
376
376
376
376
376
376
376
376
376
376
376
376
376
376
374
372
368
368
367
366
365
365
365
365
364
364
364
364
364
364
364
364
364
364
364
364
364
364
364
364
364
364
364
364
364
364
364
364
364
364
364
364
364
364
364
364
364
364
364
364
364
364
364
364
364
364
364
364
364
364
364
364
364
364
364
364
364
364
364
364
364
364
364
364
364
364
364
364
364
364
364
364
364
364
364
364
361
361
359
359
357
356
356
354
354
353
353
353
353
353
353
353
353
350
350
350
350
348
348
348
348
348
348
348
348
348
348
348
348
348
348
348
348
348
348
348
348
348
347
347
347
347
347
347
347
347
347
347
347
347
347
347
347
347
347
347
347
347
347
347
347
347
347
347
347
347
347
347
347
347
347
347
347
347
347
347
347
347
347
347
347
347
347
347
347
347
347
347
347
347
347
347
347
347
346
346
346
346
346
346
345
344
344
343
338
338
338
338
338
338
338
338
338
338
338
338
338
337
337
337
337
337
337
337
337
337
337
337
337
337
337
336
335
335
335
335
335
335
335
335
335
335
335
335
335
334
330
330
330
329
329
329
328
327
326
325
325
325
325
324
324
324
324
324
324
321
318
318
316
316
316
316
315
315
315
310
310
310
310
310
310
310
310
310
310
310
310
310
310
310
310
310
310
310
310
310
310
309
309
306
306
306
306
306
306
306
306
306
306
305
305
305
305
305
305
304
304
304
303
302
300
299
298
298
296
295
294
294
294
293
293
293
293
293
292
292
292
292
292
292
292
292
292
292
292
292
292
292
292
292
292
292
292
291
291
291
291
291
291
291
291
290
290
289
288
287
286
286
285
285
284
282
282
282
282
282
282
282
282
282
282
282
282
282
282
282
282
277
277
277
276
276
276
274
274
274
274
274
274
274
274
274
274
274
274
274
273
272
272
270
270
269
269
269
269
269
269
269
269
269
269
269
269
266
266
266
265
265
265
264
264
264
262
262
261
261
261
261
261
261
260
259
259
258
255
255
255
254
251
250
248
244
243
243
242
242
240
240
234
234
234
234
234
234
234
234
234
234
234
234
234
234
234
232
232
232
231
230
230
230
228
226
226
224
224
224
223
223
222
222
222
222
222
222
222
222
222
222
222
222
222
222
222
222
222
222
222
222
222
222
222
222
222
222
221
221
221
221
220
219
218
214
214
212
212
212
210
210
209
209
209
207
207
207
206
206
206
206
205
205
205
205
205
205
203
203
203
203
203
203
202
202
201
201
201
201
201
201
201
201
201
201
201
201
200
200
200
200
200
200
196
194
194
194
194
194
194
194
194
194
192
192
192
189
189
189
189
189
189
189
189
189
189
189
189
189
189
189
189
189
189
189
189
189
189
188
188
188
188
187
187
187
187
187
187
187
187
187
187
187
187
187
187
187
187
187
187
187
187
187
187
187
187
187
187
187
187
187
187
187
187
187
187
187
187
187
187
187
187
187
187
187
187
187
187
187
187
187
187
187
187
187
187
187
187
187
187
187
187
187
187
187
187
187
187
187
187
187
187
187
187
187
187
187
187
187
187
187
187
187
187
187
187
186
186
186
185
185
185
185
184
181
181
181
181
181
181
181
181
181
181
180
180
180
180
179
179
179
179
178
176
176
175
175
175
174
174
174
174
174
174
174
174
174
174
174
174
174
174
174
174
174
174
174
174
174
174
174
174
174
174
174
174
173
173
173
172
171
169
169
169
167
167
166
166
166
166
166
166
166
166
166
166
166
166
166
166
166
166
166
166
166
166
166
166
166
166
166
166
165
165
164
164
164
164
163
161
161
161
161
161
161
161
161
161
161
161
161
160
160
160
160
160
160
160
160
160
159
159
159
159
159
158
158
158
158
158
158
158
157
154
151
151
151
150
150
150
150
150
150
150
150
150
150
149
148
148
147
144
144
142
142
142
142
142
142
142
142
142
142
142
142
142
142
142
142
142
141
141
140
138
138
136
135
133
133
133
133
133
133
133
133
133
133
133
133
133
133
133
133
133
133
133
133
133
133
133
133
133
133
133
133
133
133
133
133
133
133
133
133
132
131
131
131
130
128
127
127
126
125
125
125
125
125
124
124
124
122
121
120
120
120
120
120
119
119
118
117
116
115
114
113
113
113
112
110
109
108
108
108
107
106
105
105
105
105
105
105
105
105
105
104
104
104
103
103
102
102
101
100
100
100
100
100
100
100
98
98
98
98
98
98
98
98
98
98
98
98
98
98
98
98
98
96
96
96
96
96
95
95
94
94
94
91
90
90
90
88
88
88
87
87
87
87
87
87
87
87
87
87
87
87
87
87
87
87
87
87
87
86
86
86
86
86
86
86
86
86
86
86
86
86
86
86
86
86
86
86
86
86
86
86
86
86
86
86
86
86
86
86
86
86
86
86
86
86
86
86
86
86
86
86
86
86
86
86
86
86
86
86
86
86
86
86
86
86
86
86
86
86
86
86
86
86
86
86
86
85
85
84
84
80
79
76
75
74
74
74
74
73
73
73
73
72
70
68
68
68
68
68
68
68
67
66
66
66
66
66
66
66
66
66
66
66
66
66
66
66
66
66
66
66
66
66
66
66
66
66
66
66
66
66
66
66
66
66
66
66
66
66
66
66
66
66
66
66
66
66
66
66
66
66
66
66
66
66
66
66
66
66
66
66
66
66
66
66
66
66
66
66
66
66
66
66
66
66
66
66
66
66
66
66
66
66
66
66
66
66
66
66
66
66
66
66
66
66
66
66
66
66
66
66
66
66
66
66
66
66
66
66
66
66
66
66
66
66
66
66
66
66
66
66
66
66
66
66
66
66
66
66
66
66
66
66
66
66
64
64
64
62
62
61
60
60
60
60
60
60
60
60
58
58
55
50
50
50
50
48
48
48
48
46
46
45
45
45
45
42
42
32
32
31
29
29
26
24
24
24
24
24
24
24
24
24
24
24
18
18
18
18
18
18
18
18
18
18
18
18
18
18
18
18
18
18
18
18
18
18
18
18
18
18
18
18
18
18
18
18
18
18
18
18
18
18
18
18
18
18
18
18
18
18
18
18
18
